Sample	0	1	2	3	4	5	6	7	8	9	10	11	12	13	14	15	16	17	18	19	20	21	22	23	24	25	26	27	28	29	30	31	32	33	34	35	36	37	38	39	40	41	42	43	44	45	46	47	48	49	50	51	52	53	54	55	56	57	58	59	60	61	62	63	64	65	66	67	68	69	70	71	72	73	74	75	76	77	78	79	80	81	82	83	84	85	86	87	88	89	90	91	92	93	94	95	96	97	98	99	100
SRR5413733	(0.0, 0.016965852958257477)	(1.0, 0.011745590509562868)	(2.0, 0.008482926479128738)	(3.0, 0.0065253280608682605)	(4.0, 0.005872795254781434)	(5.0, 0.007177860866955087)	(6.0, 0.00978799209130239)	(7.0, 0.018270918570431127)	(8.0, 0.022186115406952086)	(9.0, 0.02740637785564669)	(10.0, 0.02675384504955987)	(11.0, 0.020881049794778433)	(12.0, 0.026101312243473042)	(13.0, 0.0326266403043413)	(14.0, 0.03588930433477543)	(15.0, 0.03523677152868861)	(16.0, 0.028711443467820348)	(17.0, 0.02479624663129939)	(18.0, 0.0326266403043413)	(19.0, 0.039804501171296386)	(20.0, 0.04437223081390417)	(21.0, 0.057422886935640696)	(22.0, 0.07177860866955087)	(23.0, 0.08287166637302691)	(24.0, 0.09853245371911072)	(25.0, 0.12724389718693108)	(26.0, 0.16639586555214064)	(27.0, 0.19510730901996098)	(28.0, 0.21990355565126035)	(29.0, 0.28254670503559565)	(30.0, 0.3419271903894968)	(31.0, 0.4848318749225118)	(32.0, 0.8417673198520055)	(33.0, 1.4747241417562267)	(34.0, 2.501810778536891)	(35.0, 3.7194369946949077)	(36.0, 4.655169038623417)	(37.0, 5.338370886596324)	(38.0, 5.618959993213659)	(39.0, 5.434945741897174)	(40.0, 5.159576897728534)	(41.0, 4.786328132646869)	(42.0, 4.542933395976482)	(43.0, 4.358919144659998)	(44.0, 4.106388948704396)	(45.0, 3.830367571729669)	(46.0, 3.5452107354697255)	(47.0, 3.410136444609753)	(48.0, 3.270494424107172)	(49.0, 3.243740579057612)	(50.0, 3.2691893584949985)	(51.0, 3.191537954570666)	(52.0, 3.146513190950675)	(53.0, 3.007523703254181)	(54.0, 2.6460205286820795)	(55.0, 2.307356002323017)	(56.0, 1.9974029194317744)	(57.0, 1.578476857924032)	(58.0, 1.2319819378919274)	(59.0, 0.933774445510248)	(60.0, 0.6760239871059517)	(61.0, 0.581406730223362)	(62.0, 0.5840168614477093)	(63.0, 0.6101181736911823)	(64.0, 0.5246363760938081)	(65.0, 0.3615031745721016)	(66.0, 0.281241639423422)	(67.0, 0.20685289952952385)	(68.0, 0.12006603631997599)	(69.0, 0.06916847744520356)	(70.0, 0.06329568219042213)	(71.0, 0.05285515729303291)	(72.0, 0.03849943555912273)	(73.0, 0.028058910661733518)	(74.0, 0.015008254539996999)	(75.0, 0.007177860866955087)	(76.0, 0.003915196836520956)	(77.0, 0.004567729642607782)	(78.0, 0.005220262448694608)	(79.0, 0.001305065612173652)	(80.0, 0.001305065612173652)	(81.0, 0.001957598418260478)	(82.0, 0.000652532806086826)	(83.0, 0.0)	(84.0, 0.0)	(85.0, 0.0)	(86.0, 0.0)	(87.0, 0.0)	(88.0, 0.0)	(89.0, 0.0)	(90.0, 0.0)	(91.0, 0.0)	(92.0, 0.0)	(93.0, 0.0)	(94.0, 0.0)	(95.0, 0.0)	(96.0, 0.0)	(97.0, 0.000652532806086826)	(98.0, 0.000652532806086826)	(99.0, 0.0)	(100.0, 0.0)
SRR5413733_cleaned	(0.0, 0.015466523898753757)	(1.0, 0.010707593468367985)	(2.0, 0.007138395645578656)	(3.0, 0.005353796734183992)	(4.0, 0.005353796734183992)	(5.0, 0.006543529341780435)	(6.0, 0.008328128253175098)	(7.0, 0.015466523898753757)	(8.0, 0.019035721721543084)	(9.0, 0.023794652151928854)	(10.0, 0.02141518693673597)	(11.0, 0.017251122810148418)	(12.0, 0.023794652151928854)	(13.0, 0.030338181493709288)	(14.0, 0.03509711192409506)	(15.0, 0.042235507569673716)	(16.0, 0.053537967341839916)	(17.0, 0.07078909015198835)	(18.0, 0.09279914339252253)	(19.0, 0.11302459772166205)	(20.0, 0.12908598792421402)	(21.0, 0.15763957050652866)	(22.0, 0.20165967698759704)	(23.0, 0.2433003182534725)	(24.0, 0.27125903453198896)	(25.0, 0.3027869486332947)	(26.0, 0.3652479105321079)	(27.0, 0.42057047678534254)	(28.0, 0.4586419202284287)	(29.0, 0.5098004223550756)	(30.0, 0.5371642723297939)	(31.0, 0.6359120787602986)	(32.0, 0.9006275839505071)	(33.0, 1.386633354153654)	(34.0, 2.2783379435471875)	(35.0, 3.372891942535915)	(36.0, 4.155141132030576)	(37.0, 4.687546473929984)	(38.0, 4.9272775943606675)	(39.0, 4.82615032271497)	(40.0, 4.6334136402843455)	(41.0, 4.396061985068856)	(42.0, 4.274709259094019)	(43.0, 4.13372594509384)	(44.0, 3.9064870170429193)	(45.0, 3.650099640105886)	(46.0, 3.378245739270099)	(47.0, 3.218226703548378)	(48.0, 3.071294726510217)	(49.0, 3.026084887421552)	(50.0, 2.9386395407632135)	(51.0, 2.700693019243925)	(52.0, 2.5686326998007196)	(53.0, 2.5204485291930636)	(54.0, 2.368162755420719)	(55.0, 2.1635287469141313)	(56.0, 1.943428214508789)	(57.0, 1.706671425597097)	(58.0, 1.5305909996728235)	(59.0, 1.4181612682549596)	(60.0, 1.2950239433687278)	(61.0, 1.1492816989381638)	(62.0, 1.0660004164064125)	(63.0, 0.9892626632164422)	(64.0, 0.8577972100770351)	(65.0, 0.7102703667350764)	(66.0, 0.6204455548615448)	(67.0, 0.5365694060259957)	(68.0, 0.4146218137473603)	(69.0, 0.3039766812408911)	(70.0, 0.2653103714940067)	(71.0, 0.2308081258737099)	(72.0, 0.18321882156985217)	(73.0, 0.1421730466077749)	(74.0, 0.09398887600011897)	(75.0, 0.0612712292912168)	(76.0, 0.04045090865827905)	(77.0, 0.027363849974718184)	(78.0, 0.02201005324053419)	(79.0, 0.013681924987359092)	(80.0, 0.011302459772166207)	(81.0, 0.010112727164569763)	(82.0, 0.007138395645578656)	(83.0, 0.003569197822789328)	(84.0, 0.002974331518991107)	(85.0, 0.002974331518991107)	(86.0, 0.0023794652151928855)	(87.0, 0.001784598911394664)	(88.0, 0.0005948663037982214)	(89.0, 0.0)	(90.0, 0.0)	(91.0, 0.0)	(92.0, 0.0)	(93.0, 0.0)	(94.0, 0.0)	(95.0, 0.0)	(96.0, 0.0)	(97.0, 0.0005948663037982214)	(98.0, 0.0005948663037982214)	(99.0, 0.0)	(100.0, 0.0)
SRR5413734	(0.0, 0.013263343688943982)	(1.0, 0.009182314861576604)	(2.0, 0.003570900223946457)	(3.0, 0.00204051441368369)	(4.0, 0.00204051441368369)	(5.0, 0.00204051441368369)	(6.0, 0.00408102882736738)	(7.0, 0.007651929051313836)	(8.0, 0.009692443464997525)	(9.0, 0.011222829275260294)	(10.0, 0.011222829275260294)	(11.0, 0.013773472292364907)	(12.0, 0.021425401343678742)	(13.0, 0.02295578715394151)	(14.0, 0.02550643017104612)	(15.0, 0.03519887363604365)	(16.0, 0.04183054548051564)	(17.0, 0.04897234592840855)	(18.0, 0.05356350335919685)	(19.0, 0.05662427497972239)	(20.0, 0.059685046600247926)	(21.0, 0.06784710425498268)	(22.0, 0.08519147677129404)	(23.0, 0.10151559208076356)	(24.0, 0.11988022180391678)	(25.0, 0.14487652337154197)	(26.0, 0.17140321074942994)	(27.0, 0.19282861209310867)	(28.0, 0.21272362762652466)	(29.0, 0.2514934014865148)	(30.0, 0.2907733039499258)	(31.0, 0.3535191221706992)	(32.0, 0.4739094725780369)	(33.0, 0.7580511046834907)	(34.0, 1.2656290650873085)	(35.0, 1.9211443204831937)	(36.0, 2.570538032638028)	(37.0, 3.1786113279157675)	(38.0, 3.682618388095639)	(39.0, 3.9040142019803192)	(40.0, 3.901463558963215)	(41.0, 3.8938116299119008)	(42.0, 3.960128348356621)	(43.0, 3.945334618857414)	(44.0, 4.002979151043978)	(45.0, 4.220804064704712)	(46.0, 4.342724800922312)	(47.0, 4.326910814216264)	(48.0, 4.299873998234955)	(49.0, 4.434037820934657)	(50.0, 4.674308393145912)	(51.0, 4.842650832274816)	(52.0, 4.617684118166189)	(53.0, 4.113677057986318)	(54.0, 3.6071193547893428)	(55.0, 3.1668783700370864)	(56.0, 2.642976294323799)	(57.0, 2.2374240546041655)	(58.0, 1.8522769590213692)	(59.0, 1.4304006039922665)	(60.0, 1.0804523820455136)	(61.0, 0.7177509450132379)	(62.0, 0.7646827765279627)	(63.0, 0.7111192731687658)	(64.0, 0.45095368542409536)	(65.0, 0.3555596365843829)	(66.0, 0.34586719311938535)	(67.0, 0.27393906003703533)	(68.0, 0.16783231052548347)	(69.0, 0.13773472292364905)	(70.0, 0.08774211978839865)	(71.0, 0.04234067408393656)	(72.0, 0.04846221732498763)	(73.0, 0.04846221732498763)	(74.0, 0.026016558774467045)	(75.0, 0.004591157430788302)	(76.0, 0.005101286034209225)	(77.0, 0.006631671844471991)	(78.0, 0.00408102882736738)	(79.0, 0.0025506430171046124)	(80.0, 0.00204051441368369)	(81.0, 0.0005101286034209225)	(82.0, 0.0)	(83.0, 0.0)	(84.0, 0.0)	(85.0, 0.0)	(86.0, 0.0)	(87.0, 0.0)	(88.0, 0.0)	(89.0, 0.0)	(90.0, 0.0)	(91.0, 0.0)	(92.0, 0.0)	(93.0, 0.0)	(94.0, 0.0)	(95.0, 0.0)	(96.0, 0.0)	(97.0, 0.0)	(98.0, 0.0)	(99.0, 0.0)	(100.0, 0.0)
SRR5413734_cleaned	(0.0, 0.011918350133623041)	(1.0, 0.008251165477123644)	(2.0, 0.0027503884923745477)	(3.0, 0.0013751942461872738)	(4.0, 0.0018335923282496985)	(5.0, 0.0013751942461872738)	(6.0, 0.0032087865744369727)	(7.0, 0.00687597123093637)	(8.0, 0.008251165477123644)	(9.0, 0.01100155396949819)	(10.0, 0.011918350133623041)	(11.0, 0.015127136708060013)	(12.0, 0.024295098349308507)	(13.0, 0.025670292595495782)	(14.0, 0.028879079169932754)	(15.0, 0.04583980820624247)	(16.0, 0.06234213916048976)	(17.0, 0.07563568354030006)	(18.0, 0.08617883942773583)	(19.0, 0.09947238380754615)	(20.0, 0.11780830709004313)	(21.0, 0.13751942461872738)	(22.0, 0.16135612488597348)	(23.0, 0.18565122323528196)	(24.0, 0.2062791369280911)	(25.0, 0.21407190432315232)	(26.0, 0.2117799139128402)	(27.0, 0.22003107938996383)	(28.0, 0.24295098349308508)	(29.0, 0.28833239361726515)	(30.0, 0.3185866670333851)	(31.0, 0.3447153577109433)	(32.0, 0.4643572571292362)	(33.0, 0.7311449408895673)	(34.0, 1.1753326824080568)	(35.0, 1.731369555949778)	(36.0, 2.2695289042910645)	(37.0, 2.841151312622908)	(38.0, 3.3302620661835154)	(39.0, 3.5425003781784175)	(40.0, 3.597049749943846)	(41.0, 3.6612254814325853)	(42.0, 3.802870488789875)	(43.0, 3.881714958904612)	(44.0, 3.9422235057368518)	(45.0, 4.140251477187819)	(46.0, 4.3369042543926)	(47.0, 4.386869645337404)	(48.0, 4.203968810594497)	(49.0, 4.072408561042581)	(50.0, 4.112747592264074)	(51.0, 4.173714537178377)	(52.0, 3.9468074865574763)	(53.0, 3.536082805029544)	(54.0, 3.2330816727862812)	(55.0, 2.943832483004891)	(56.0, 2.5954499406374487)	(57.0, 2.382294832478421)	(58.0, 2.2117707459511986)	(59.0, 1.9848636953302987)	(60.0, 1.6690274167892882)	(61.0, 1.3004753588110989)	(62.0, 1.2784722508721025)	(63.0, 1.123533699135003)	(64.0, 0.7838607203267461)	(65.0, 0.6192958088663357)	(66.0, 0.568872019839469)	(67.0, 0.4845267727399828)	(68.0, 0.37863681578356273)	(69.0, 0.3456321538750682)	(70.0, 0.2663292856782687)	(71.0, 0.1819840385787826)	(72.0, 0.15906413447566134)	(73.0, 0.14210340543935165)	(74.0, 0.09947238380754615)	(75.0, 0.05088218710892913)	(76.0, 0.034838254236744276)	(77.0, 0.03117106958024488)	(78.0, 0.023378302185183657)	(79.0, 0.014210340543935164)	(80.0, 0.009167961641248492)	(81.0, 0.00779276739506122)	(82.0, 0.0064175731488739455)	(83.0, 0.0032087865744369727)	(84.0, 0.0013751942461872738)	(85.0, 0.0009167961641248492)	(86.0, 0.0009167961641248492)	(87.0, 0.0009167961641248492)	(88.0, 0.0004583980820624246)	(89.0, 0.0)	(90.0, 0.0)	(91.0, 0.0)	(92.0, 0.0)	(93.0, 0.0)	(94.0, 0.0)	(95.0, 0.0)	(96.0, 0.0)	(97.0, 0.0)	(98.0, 0.0)	(99.0, 0.0)	(100.0, 0.0)
SRR5413735	(0.0, 0.021712776159371776)	(1.0, 0.012665786092966869)	(2.0, 0.002714097019921472)	(3.0, 0.002714097019921472)	(4.0, 0.002714097019921472)	(5.0, 0.002714097019921472)	(6.0, 0.002714097019921472)	(7.0, 0.006332893046483434)	(8.0, 0.012665786092966869)	(9.0, 0.012665786092966869)	(10.0, 0.0072375920531239256)	(11.0, 0.0072375920531239256)	(12.0, 0.012665786092966869)	(13.0, 0.01357048509960736)	(14.0, 0.012665786092966869)	(15.0, 0.009046990066404907)	(16.0, 0.010856388079685888)	(17.0, 0.01176108708632638)	(18.0, 0.017189281126169322)	(19.0, 0.02623627119257423)	(20.0, 0.02623627119257423)	(21.0, 0.025331572185933737)	(22.0, 0.03799735827890061)	(23.0, 0.04433025132538404)	(24.0, 0.045234950332024536)	(25.0, 0.0588054354316319)	(26.0, 0.07509001755116072)	(27.0, 0.12303906490310675)	(28.0, 0.15922702516872636)	(29.0, 0.17822570430817666)	(30.0, 0.2334123437132466)	(31.0, 0.31483525431089077)	(32.0, 0.5292489188846871)	(33.0, 1.0114534894240685)	(34.0, 1.819349702354027)	(35.0, 2.9447952666147974)	(36.0, 4.18604230372555)	(37.0, 5.183925308050012)	(38.0, 5.869687155083503)	(39.0, 6.332893046483434)	(40.0, 6.45140861635334)	(41.0, 6.301228581251017)	(42.0, 6.052436354424883)	(43.0, 5.754790381240162)	(44.0, 5.4942370673277)	(45.0, 5.237302549441801)	(46.0, 4.856424267646154)	(47.0, 4.369696202073571)	(48.0, 3.904680912660358)	(49.0, 3.5446107080174425)	(50.0, 3.441475021260427)	(51.0, 3.259630520925688)	(52.0, 2.7729024553531043)	(53.0, 2.12061447156531)	(54.0, 1.609459532813433)	(55.0, 1.4828016718837644)	(56.0, 1.172489912606076)	(57.0, 0.7943257278303509)	(58.0, 0.5717697721967901)	(59.0, 0.40259105795501837)	(60.0, 0.26507680894566377)	(61.0, 0.14294244304919754)	(62.0, 0.13751424900935458)	(63.0, 0.10223098775037545)	(64.0, 0.05609133841171043)	(65.0, 0.0488537463585865)	(66.0, 0.049758445365226986)	(67.0, 0.04433025132538404)	(68.0, 0.03166446523241718)	(69.0, 0.021712776159371776)	(70.0, 0.017189281126169322)	(71.0, 0.020808077152731287)	(72.0, 0.022617475166012268)	(73.0, 0.01357048509960736)	(74.0, 0.004523495033202454)	(75.0, 0.005428194039842944)	(76.0, 0.005428194039842944)	(77.0, 0.0018093980132809814)	(78.0, 0.002714097019921472)	(79.0, 0.0018093980132809814)	(80.0, 0.0)	(81.0, 0.0009046990066404907)	(82.0, 0.0009046990066404907)	(83.0, 0.0)	(84.0, 0.0)	(85.0, 0.0)	(86.0, 0.0)	(87.0, 0.0)	(88.0, 0.0)	(89.0, 0.0)	(90.0, 0.0)	(91.0, 0.0)	(92.0, 0.0)	(93.0, 0.0)	(94.0, 0.0)	(95.0, 0.0)	(96.0, 0.0)	(97.0, 0.0)	(98.0, 0.0)	(99.0, 0.0)	(100.0, 0.0)
SRR5413735_cleaned	(0.0, 0.023542798846402854)	(1.0, 0.013733299327068333)	(2.0, 0.0029428498558003568)	(3.0, 0.0029428498558003568)	(4.0, 0.0029428498558003568)	(5.0, 0.0029428498558003568)	(6.0, 0.0029428498558003568)	(7.0, 0.006866649663534167)	(8.0, 0.013733299327068333)	(9.0, 0.013733299327068333)	(10.0, 0.007847599615467618)	(11.0, 0.006866649663534167)	(12.0, 0.011771399423201427)	(13.0, 0.010790449471267977)	(14.0, 0.007847599615467618)	(15.0, 0.0058856997116007136)	(16.0, 0.010790449471267977)	(17.0, 0.011771399423201427)	(18.0, 0.013733299327068333)	(19.0, 0.01961899903866905)	(20.0, 0.018638049086735595)	(21.0, 0.01667614918286869)	(22.0, 0.018638049086735595)	(23.0, 0.021580898942535953)	(24.0, 0.015695199230935236)	(25.0, 0.015695199230935236)	(26.0, 0.02550469875026976)	(27.0, 0.053952247356339876)	(28.0, 0.07455219634694238)	(29.0, 0.08632359577014381)	(30.0, 0.12948539365521572)	(31.0, 0.20207569009829118)	(32.0, 0.4061132801004493)	(33.0, 0.9014930058268428)	(34.0, 1.7254909654509427)	(35.0, 2.8790881089246825)	(36.0, 4.1611896961017045)	(37.0, 5.141158698083224)	(38.0, 5.815071315061505)	(39.0, 6.303584391124365)	(40.0, 6.413450785740911)	(41.0, 6.224127445017755)	(42.0, 5.991642306409527)	(43.0, 5.751309568185832)	(44.0, 5.521767279433403)	(45.0, 5.278491691353907)	(46.0, 4.9086735594749955)	(47.0, 4.42408428321987)	(48.0, 3.967942555570815)	(49.0, 3.650114771144376)	(50.0, 3.580467324557101)	(51.0, 3.398991583449412)	(52.0, 2.9124404072904198)	(53.0, 2.2434325400718054)	(54.0, 1.7058719664122737)	(55.0, 1.5822722724686586)	(56.0, 1.257577838378686)	(57.0, 0.854407408134037)	(58.0, 0.617998469718075)	(59.0, 0.431617978850719)	(60.0, 0.28349453610876774)	(61.0, 0.15499009240548547)	(62.0, 0.14910439269388476)	(63.0, 0.11084734456848011)	(64.0, 0.060818897019874044)	(65.0, 0.052971297404406426)	(66.0, 0.053952247356339876)	(67.0, 0.048066547644739166)	(68.0, 0.03433324831767084)	(69.0, 0.023542798846402854)	(70.0, 0.018638049086735595)	(71.0, 0.022561848894469404)	(72.0, 0.024523748798336305)	(73.0, 0.014714249279001787)	(74.0, 0.004904749759667262)	(75.0, 0.0058856997116007136)	(76.0, 0.0058856997116007136)	(77.0, 0.0019618999038669045)	(78.0, 0.0029428498558003568)	(79.0, 0.0019618999038669045)	(80.0, 0.0)	(81.0, 0.0009809499519334523)	(82.0, 0.0009809499519334523)	(83.0, 0.0)	(84.0, 0.0)	(85.0, 0.0)	(86.0, 0.0)	(87.0, 0.0)	(88.0, 0.0)	(89.0, 0.0)	(90.0, 0.0)	(91.0, 0.0)	(92.0, 0.0)	(93.0, 0.0)	(94.0, 0.0)	(95.0, 0.0)	(96.0, 0.0)	(97.0, 0.0)	(98.0, 0.0)	(99.0, 0.0)	(100.0, 0.0)
SRR5413736	(0.0, 0.0)	(1.0, 0.0)	(2.0, 0.0)	(3.0, 0.0)	(4.0, 0.0)	(5.0, 0.0)	(6.0, 0.0)	(7.0, 0.0)	(8.0, 0.002544173207311954)	(9.0, 0.002544173207311954)	(10.0, 0.0)	(11.0, 0.0)	(12.0, 0.001272086603655977)	(13.0, 0.003816259810967931)	(14.0, 0.003816259810967931)	(15.0, 0.001272086603655977)	(16.0, 0.005088346414623908)	(17.0, 0.007632519621935862)	(18.0, 0.005088346414623908)	(19.0, 0.003816259810967931)	(20.0, 0.007632519621935862)	(21.0, 0.013992952640215746)	(22.0, 0.021625472262151606)	(23.0, 0.03180216509139942)	(24.0, 0.03053007848774345)	(25.0, 0.03053007848774345)	(26.0, 0.04452303112795919)	(27.0, 0.048339290938927124)	(28.0, 0.05978807037183092)	(29.0, 0.07886936942667057)	(30.0, 0.09286232206688631)	(31.0, 0.15265039243871723)	(32.0, 0.3065728714810904)	(33.0, 0.6894709391815395)	(34.0, 1.3038887687473764)	(35.0, 2.29230005978807)	(36.0, 3.625446820419534)	(37.0, 4.989123659538741)	(38.0, 6.076757705664602)	(39.0, 6.801847069748508)	(40.0, 7.29160041215606)	(41.0, 7.198738090089172)	(42.0, 6.8781722659678675)	(43.0, 6.491457938456451)	(44.0, 5.845237943799214)	(45.0, 5.0807138950019715)	(46.0, 4.442126419966671)	(47.0, 3.904033786620193)	(48.0, 3.1458701708412304)	(49.0, 2.5009222627876504)	(50.0, 2.023889786416659)	(51.0, 1.592652427777283)	(52.0, 1.2593657376194172)	(53.0, 1.0024042436809097)	(54.0, 0.882828102937248)	(55.0, 0.9095419216140235)	(56.0, 0.8662909770897201)	(57.0, 0.8204958593581051)	(58.0, 0.8701072369006881)	(59.0, 0.8204958593581051)	(60.0, 0.769612395211866)	(61.0, 0.6983755454071313)	(62.0, 0.661485033901108)	(63.0, 0.6932871989925075)	(64.0, 0.6754779865413237)	(65.0, 0.6296828688097086)	(66.0, 0.5711668850415336)	(67.0, 0.5368205467428223)	(68.0, 0.5202834208952946)	(69.0, 0.5330042869318543)	(70.0, 0.4808487361819593)	(71.0, 0.3701772016638893)	(72.0, 0.3205658241213062)	(73.0, 0.3460075561944257)	(74.0, 0.3447354695907697)	(75.0, 0.27985905280431495)	(76.0, 0.21116637620689216)	(77.0, 0.19590133696302045)	(78.0, 0.1755479513045248)	(79.0, 0.1221203139509738)	(80.0, 0.0992227550851662)	(81.0, 0.07886936942667057)	(82.0, 0.053427637353551036)	(83.0, 0.03689051150602333)	(84.0, 0.019081299054839653)	(85.0, 0.007632519621935862)	(86.0, 0.003816259810967931)	(87.0, 0.001272086603655977)	(88.0, 0.0)	(89.0, 0.0)	(90.0, 0.0)	(91.0, 0.0)	(92.0, 0.0)	(93.0, 0.0)	(94.0, 0.0)	(95.0, 0.0)	(96.0, 0.0)	(97.0, 0.0)	(98.0, 0.0)	(99.0, 0.0)	(100.0, 0.001272086603655977)
SRR5413736_cleaned	(0.0, 0.0)	(1.0, 0.0)	(2.0, 0.0)	(3.0, 0.0)	(4.0, 0.0)	(5.0, 0.0)	(6.0, 0.0)	(7.0, 0.0)	(8.0, 0.002763003384679146)	(9.0, 0.002763003384679146)	(10.0, 0.0)	(11.0, 0.0)	(12.0, 0.001381501692339573)	(13.0, 0.002763003384679146)	(14.0, 0.002763003384679146)	(15.0, 0.001381501692339573)	(16.0, 0.002763003384679146)	(17.0, 0.005526006769358292)	(18.0, 0.005526006769358292)	(19.0, 0.004144505077018719)	(20.0, 0.005526006769358292)	(21.0, 0.009670511846377012)	(22.0, 0.015196518615735304)	(23.0, 0.02348552876977274)	(24.0, 0.02210402707743317)	(25.0, 0.02210402707743317)	(26.0, 0.02763003384679146)	(27.0, 0.02210402707743317)	(28.0, 0.033156040616149754)	(29.0, 0.05802307107826207)	(30.0, 0.06907508461697866)	(31.0, 0.11880914554120328)	(32.0, 0.2790633418525938)	(33.0, 0.6631208123229951)	(34.0, 1.2599295434136908)	(35.0, 2.23388823651309)	(36.0, 3.5767078814671547)	(37.0, 4.934724045036956)	(38.0, 5.973613317676314)	(39.0, 6.704427712923948)	(40.0, 7.234924362782344)	(41.0, 7.1617047730883465)	(42.0, 6.842577882157906)	(43.0, 6.454375906610485)	(44.0, 5.816122124749603)	(45.0, 5.036955170270083)	(46.0, 4.394556883332182)	(47.0, 3.8612972300891073)	(48.0, 3.093182289148304)	(49.0, 2.4576915106721007)	(50.0, 2.0017959522000415)	(51.0, 1.5832009394211508)	(52.0, 1.2571665400290115)	(53.0, 1.0071147337155488)	(54.0, 0.9076466118670995)	(55.0, 0.9477101609449472)	(56.0, 0.9117911169441183)	(57.0, 0.8786350763279684)	(58.0, 0.9380396490985701)	(59.0, 0.8869240864820059)	(60.0, 0.8344270221731022)	(61.0, 0.7556814257097465)	(62.0, 0.7156178766318988)	(63.0, 0.7529184223250673)	(64.0, 0.7335773986323133)	(65.0, 0.6838433377080887)	(66.0, 0.6202942598604684)	(67.0, 0.5829937141672998)	(68.0, 0.5650341921668853)	(69.0, 0.5788492090902811)	(70.0, 0.5222076397043587)	(71.0, 0.4020169924708158)	(72.0, 0.34813842646957244)	(73.0, 0.37576846031636385)	(74.0, 0.3743869586240243)	(75.0, 0.3039303723147061)	(76.0, 0.22932928092836916)	(77.0, 0.21275126062029426)	(78.0, 0.1906472335428611)	(79.0, 0.13262416246459902)	(80.0, 0.10775713200248671)	(81.0, 0.08565310492505353)	(82.0, 0.05802307107826207)	(83.0, 0.04006354907784762)	(84.0, 0.020722525385093598)	(85.0, 0.008289010154037438)	(86.0, 0.004144505077018719)	(87.0, 0.001381501692339573)	(88.0, 0.0)	(89.0, 0.0)	(90.0, 0.0)	(91.0, 0.0)	(92.0, 0.0)	(93.0, 0.0)	(94.0, 0.0)	(95.0, 0.0)	(96.0, 0.0)	(97.0, 0.0)	(98.0, 0.0)	(99.0, 0.0)	(100.0, 0.001381501692339573)
SRR5413737	(0.0, 0.0)	(1.0, 0.0006356996192159281)	(2.0, 0.0006356996192159281)	(3.0, 0.0)	(4.0, 0.0)	(5.0, 0.0)	(6.0, 0.0)	(7.0, 0.0019070988576477843)	(8.0, 0.0019070988576477843)	(9.0, 0.0)	(10.0, 0.0)	(11.0, 0.0)	(12.0, 0.0)	(13.0, 0.0006356996192159281)	(14.0, 0.0012713992384318562)	(15.0, 0.0006356996192159281)	(16.0, 0.0)	(17.0, 0.0)	(18.0, 0.0)	(19.0, 0.0031784980960796404)	(20.0, 0.0031784980960796404)	(21.0, 0.0031784980960796404)	(22.0, 0.005721296572943353)	(23.0, 0.005085596953727425)	(24.0, 0.006992695811375209)	(25.0, 0.00953549428823892)	(26.0, 0.012078292765102633)	(27.0, 0.015256790861182274)	(28.0, 0.022885186291773413)	(29.0, 0.03877767677217161)	(30.0, 0.06229856268316096)	(31.0, 0.13095412155848118)	(32.0, 0.3540846879032719)	(33.0, 0.8709084783258214)	(34.0, 1.7526238501783138)	(35.0, 2.8670052826638357)	(36.0, 4.1415830191917715)	(37.0, 5.254057352819646)	(38.0, 5.988290413014043)	(39.0, 6.347460697871042)	(40.0, 6.309318720718086)	(41.0, 6.149758116294889)	(42.0, 5.924720451092449)	(43.0, 5.605599242246054)	(44.0, 5.225450869954929)	(45.0, 4.721341071916698)	(46.0, 4.287158231992219)	(47.0, 3.8631465859751946)	(48.0, 3.3622152860330434)	(49.0, 2.877812176190506)	(50.0, 2.31521801318441)	(51.0, 1.8670497816371807)	(52.0, 1.6521833103421972)	(53.0, 1.4888085082037035)	(54.0, 1.4315955424742701)	(55.0, 1.4792730139154646)	(56.0, 1.4710089188656577)	(57.0, 1.4443095348585886)	(58.0, 1.423967147043679)	(59.0, 1.3279765045420737)	(60.0, 1.1563376073537732)	(61.0, 1.0717895579980548)	(62.0, 0.9789774135925293)	(63.0, 0.8047957179273649)	(64.0, 0.65413490817319)	(65.0, 0.5676797599598238)	(66.0, 0.5155523911841177)	(67.0, 0.4449897334511497)	(68.0, 0.3693414787644542)	(69.0, 0.2822506309318721)	(70.0, 0.20978087434125628)	(71.0, 0.1786315929996758)	(72.0, 0.1474823116580953)	(73.0, 0.1087046348859237)	(74.0, 0.1042547375514122)	(75.0, 0.09154074516709365)	(76.0, 0.054034467633353886)	(77.0, 0.04831317106041053)	(78.0, 0.03877767677217161)	(79.0, 0.018435288957261913)	(80.0, 0.011442593145886706)	(81.0, 0.006356996192159281)	(82.0, 0.0025427984768637123)	(83.0, 0.0019070988576477843)	(84.0, 0.0006356996192159281)	(85.0, 0.0)	(86.0, 0.0)	(87.0, 0.0)	(88.0, 0.0)	(89.0, 0.0)	(90.0, 0.0)	(91.0, 0.0)	(92.0, 0.0)	(93.0, 0.0)	(94.0, 0.0)	(95.0, 0.0)	(96.0, 0.0)	(97.0, 0.0)	(98.0, 0.0)	(99.0, 0.0)	(100.0, 0.0006356996192159281)
SRR5413737_cleaned	(0.0, 0.0)	(1.0, 0.0005938912347592662)	(2.0, 0.0005938912347592662)	(3.0, 0.0)	(4.0, 0.0)	(5.0, 0.0)	(6.0, 0.0)	(7.0, 0.0017816737042777985)	(8.0, 0.0017816737042777985)	(9.0, 0.0005938912347592662)	(10.0, 0.0011877824695185324)	(11.0, 0.0005938912347592662)	(12.0, 0.0)	(13.0, 0.0017816737042777985)	(14.0, 0.004157238643314863)	(15.0, 0.0029694561737963307)	(16.0, 0.0017816737042777985)	(17.0, 0.004157238643314863)	(18.0, 0.008314477286629726)	(19.0, 0.011283933460426058)	(20.0, 0.011877824695185323)	(21.0, 0.02197397568609285)	(22.0, 0.0332579091465189)	(23.0, 0.042166277667907905)	(24.0, 0.057607449771648826)	(25.0, 0.07958142545774168)	(26.0, 0.1175904644823347)	(27.0, 0.16035063338500188)	(28.0, 0.19598410747055783)	(29.0, 0.25596712218124373)	(30.0, 0.35217750221224486)	(31.0, 0.4531390121213201)	(32.0, 0.6800054637993598)	(33.0, 1.206786989030829)	(34.0, 2.021605763120542)	(35.0, 3.00271408294285)	(36.0, 4.13526466762877)	(37.0, 5.083708969539318)	(38.0, 5.668097944542437)	(39.0, 5.940100130062181)	(40.0, 5.8789293328819765)	(41.0, 5.671661291950992)	(42.0, 5.337300526781525)	(43.0, 4.985716915804039)	(44.0, 4.694710210771999)	(45.0, 4.217221658025549)	(46.0, 3.7064751961325806)	(47.0, 3.2515545103069825)	(48.0, 2.7408080484140136)	(49.0, 2.3458703772991014)	(50.0, 1.940836555193282)	(51.0, 1.5358027330874624)	(52.0, 1.3202202148698488)	(53.0, 1.187188578283773)	(54.0, 1.0897904157832534)	(55.0, 1.0814759384966237)	(56.0, 1.1473978655549022)	(57.0, 1.2958706742447188)	(58.0, 1.3920810542757198)	(59.0, 1.4063344439099423)	(60.0, 1.3891115981019235)	(61.0, 1.4104916825532572)	(62.0, 1.4395923530564614)	(63.0, 1.3439758642602193)	(64.0, 1.1996602942137178)	(65.0, 1.0713797875057163)	(66.0, 0.9793266461180299)	(67.0, 0.899151329425529)	(68.0, 0.7839364298822313)	(69.0, 0.6705032040432115)	(70.0, 0.5701355853688955)	(71.0, 0.46382905434698685)	(72.0, 0.386029302593523)	(73.0, 0.3147623544224111)	(74.0, 0.27675331539781806)	(75.0, 0.2547793397117252)	(76.0, 0.21201917080905802)	(77.0, 0.17341624054970572)	(78.0, 0.11877824695185324)	(79.0, 0.07067305693635267)	(80.0, 0.05107464618929689)	(81.0, 0.03741514778983377)	(82.0, 0.019598410747055782)	(83.0, 0.014253389634222388)	(84.0, 0.014847280868981655)	(85.0, 0.011877824695185323)	(86.0, 0.007720586051870461)	(87.0, 0.006532803582351927)	(88.0, 0.006532803582351927)	(89.0, 0.00475112987807413)	(90.0, 0.003563347408555597)	(91.0, 0.0029694561737963307)	(92.0, 0.0011877824695185324)	(93.0, 0.0)	(94.0, 0.0)	(95.0, 0.0)	(96.0, 0.0)	(97.0, 0.0)	(98.0, 0.0)	(99.0, 0.0)	(100.0, 0.0005938912347592662)
SRR5413805	(0.0, 0.005868588929749504)	(1.0, 0.003951129180425408)	(2.0, 0.002498508158210185)	(3.0, 0.0037477622373152776)	(4.0, 0.0029633468853190563)	(5.0, 0.0020917742719899226)	(6.0, 0.0045902824302001075)	(7.0, 0.00836709708795969)	(8.0, 0.013683690029267408)	(9.0, 0.015949778823923157)	(10.0, 0.012085806904830663)	(11.0, 0.009180564860400215)	(12.0, 0.0076407865768520775)	(13.0, 0.007117843008854597)	(14.0, 0.007669838997296383)	(15.0, 0.0076407865768520775)	(16.0, 0.008221834985738165)	(17.0, 0.008396149508403993)	(18.0, 0.009093407599067302)	(19.0, 0.01057508104172683)	(20.0, 0.012172964166163576)	(21.0, 0.012870222256826885)	(22.0, 0.013393165824824365)	(23.0, 0.015659254619480114)	(24.0, 0.01740239984613838)	(25.0, 0.02030764189056883)	(26.0, 0.02623433566120694)	(27.0, 0.03044693662563109)	(28.0, 0.0330907068860628)	(29.0, 0.040179497474473094)	(30.0, 0.04773312678999226)	(31.0, 0.0577852642637216)	(32.0, 0.07518766410985998)	(33.0, 0.09462373338709967)	(34.0, 0.11568673820922043)	(35.0, 0.14654040872107177)	(36.0, 0.18468623676444357)	(37.0, 0.22164091556959886)	(38.0, 0.27968765161731923)	(39.0, 0.3463339041165536)	(40.0, 0.4268381611677214)	(41.0, 0.4933682039851786)	(42.0, 0.6038836113553129)	(43.0, 0.965324774102905)	(44.0, 1.5276634242228624)	(45.0, 2.538019450014439)	(46.0, 3.571181625854795)	(47.0, 4.585111099361021)	(48.0, 5.627599102163998)	(49.0, 7.350843420817918)	(50.0, 8.98966140566069)	(51.0, 8.94018513364404)	(52.0, 8.701664761796298)	(53.0, 8.249725309364699)	(54.0, 7.983692295356202)	(55.0, 8.05649766098963)	(56.0, 6.107748454847019)	(57.0, 4.085496624980317)	(58.0, 3.366042485097561)	(59.0, 3.0616312236821384)	(60.0, 2.055691165798096)	(61.0, 0.5456044559440381)	(62.0, 0.11894060929898254)	(63.0, 0.031027985034517182)	(64.0, 0.015543044937702893)	(65.0, 0.010487923780393916)	(66.0, 0.0072631051110761185)	(67.0, 0.005694274407083678)	(68.0, 0.00441596790753428)	(69.0, 0.004125443703091236)	(70.0, 0.0040963912826469315)	(71.0, 0.004212600964424149)	(72.0, 0.0035734477146494503)	(73.0, 0.002847137203541839)	(74.0, 0.0030795565670962747)	(75.0, 0.002585665419543098)	(76.0, 0.0017431452266582685)	(77.0, 0.0015397782835481373)	(78.0, 0.0011330443973278745)	(79.0, 0.0004648387271088716)	(80.0, 0.0002324193635544358)	(81.0, 0.0002324193635544358)	(82.0, 8.715726133291343e-05)	(83.0, 0.0)	(84.0, 5.810484088860895e-05)	(85.0, 8.715726133291343e-05)	(86.0, 2.9052420444304476e-05)	(87.0, 0.0)	(88.0, 0.0)	(89.0, 0.0)	(90.0, 0.0)	(91.0, 0.0)	(92.0, 0.0)	(93.0, 0.0)	(94.0, 0.0)	(95.0, 0.0)	(96.0, 0.0)	(97.0, 0.0)	(98.0, 0.0)	(99.0, 0.0)	(100.0, 2.9052420444304476e-05)
SRR5413805_cleaned	(0.0, 0.005960269439940302)	(1.0, 0.004023181871959704)	(2.0, 0.002503313164774927)	(3.0, 0.003725168399962689)	(4.0, 0.002980134719970151)	(5.0, 0.002115895651178807)	(6.0, 0.00452980477435463)	(7.0, 0.008314575868716721)	(8.0, 0.013738421059062396)	(9.0, 0.015943720751840307)	(10.0, 0.011771532143882097)	(11.0, 0.008582787993514035)	(12.0, 0.0071821246751280635)	(13.0, 0.00670530311993284)	(14.0, 0.00691391255033075)	(15.0, 0.00670530311993284)	(16.0, 0.007241727369527467)	(17.0, 0.0073311314111265714)	(18.0, 0.007867555660721198)	(19.0, 0.008672192035113139)	(20.0, 0.009894047270300901)	(21.0, 0.01007285535349911)	(22.0, 0.009774841881502095)	(23.0, 0.01147351867188508)	(24.0, 0.01260596986547374)	(25.0, 0.014662262822253143)	(26.0, 0.01871524604141255)	(27.0, 0.02053312822059434)	(28.0, 0.021278161900586876)	(29.0, 0.02509273434214867)	(30.0, 0.028728498700512254)	(31.0, 0.033258303474866885)	(32.0, 0.043331158828365995)	(33.0, 0.05641395024903495)	(34.0, 0.068990118767309)	(35.0, 0.08770536480872154)	(36.0, 0.11103981966608782)	(37.0, 0.13282460446906963)	(38.0, 0.17612596195023592)	(39.0, 0.22839752493851237)	(40.0, 0.2899075055586963)	(41.0, 0.3353843613854408)	(42.0, 0.4298248306612949)	(43.0, 0.7823449666865641)	(44.0, 1.354322223490435)	(45.0, 2.4098561399566627)	(46.0, 3.509823865097646)	(47.0, 4.59366906140359)	(48.0, 5.693666587891772)	(49.0, 7.4846083492050335)	(50.0, 9.18036460756245)	(51.0, 9.134947354430105)	(52.0, 8.89278160708533)	(53.0, 8.428864035227576)	(54.0, 8.157492967627094)	(55.0, 8.235214881123916)	(56.0, 6.238852433563111)	(57.0, 4.167271385670261)	(58.0, 3.432399965072821)	(59.0, 3.1231811865287185)	(60.0, 2.0956903377774094)	(61.0, 0.5512057178056792)	(62.0, 0.11625505542603559)	(63.0, 0.028341081186916136)	(64.0, 0.013976831836660009)	(65.0, 0.00968543783990299)	(66.0, 0.00670530311993284)	(67.0, 0.005453646537545377)	(68.0, 0.0043509966911564205)	(69.0, 0.004082784566359107)	(70.0, 0.0040529832191594055)	(71.0, 0.004172188607958211)	(72.0, 0.0035463603167644794)	(73.0, 0.0028311279839716434)	(74.0, 0.003099340108768957)	(75.0, 0.0025927172063740316)	(76.0, 0.0017284781375826875)	(77.0, 0.0015496700543844784)	(78.0, 0.001102649846388956)	(79.0, 0.00041721886079582114)	(80.0, 0.00023841077759761208)	(81.0, 0.00023841077759761208)	(82.0, 8.940404159910453e-05)	(83.0, 0.0)	(84.0, 2.980134719970151e-05)	(85.0, 2.980134719970151e-05)	(86.0, 0.0)	(87.0, 0.0)	(88.0, 0.0)	(89.0, 0.0)	(90.0, 0.0)	(91.0, 0.0)	(92.0, 0.0)	(93.0, 0.0)	(94.0, 0.0)	(95.0, 0.0)	(96.0, 0.0)	(97.0, 0.0)	(98.0, 0.0)	(99.0, 0.0)	(100.0, 2.980134719970151e-05)
SRR5413806	(0.0, 0.006175926070198748)	(1.0, 0.003966191054256077)	(2.0, 0.002974643290692058)	(3.0, 0.003966191054256077)	(4.0, 0.002804663674081083)	(5.0, 0.0024363745047573044)	(6.0, 0.0051560483705329)	(7.0, 0.008782280191567028)	(8.0, 0.01419329798701639)	(9.0, 0.01583643428092248)	(10.0, 0.011105334951917015)	(11.0, 0.007790732428003009)	(12.0, 0.006940834344948135)	(13.0, 0.0070258241532536216)	(14.0, 0.006940834344948135)	(15.0, 0.0069125044088463065)	(16.0, 0.007932382108512154)	(17.0, 0.009178899296992636)	(18.0, 0.00994380757174202)	(19.0, 0.011161994824120674)	(20.0, 0.012776801181924933)	(21.0, 0.013513379520572492)	(22.0, 0.014759896709052974)	(23.0, 0.01674299223618101)	(24.0, 0.019009387124327343)	(25.0, 0.023287207475703536)	(26.0, 0.02900985456827302)	(27.0, 0.03328767491964922)	(28.0, 0.03906698188442236)	(29.0, 0.04827421111751682)	(30.0, 0.05801970913654604)	(31.0, 0.07025824153253622)	(32.0, 0.08748284268244834)	(33.0, 0.10833367565339455)	(34.0, 0.12924116849654446)	(35.0, 0.15201843712241508)	(36.0, 0.18063167258526247)	(37.0, 0.2099531564506556)	(38.0, 0.25989883379818035)	(39.0, 0.32494436708798)	(40.0, 0.39457935002627603)	(41.0, 0.43322138286917095)	(42.0, 0.5383821056791607)	(43.0, 0.8976906852586595)	(44.0, 1.4823639065282088)	(45.0, 2.523857347439753)	(46.0, 3.614928176529498)	(47.0, 4.608005756643016)	(48.0, 5.501475281422503)	(49.0, 7.250395556732822)	(50.0, 9.216946401177392)	(51.0, 9.323665270472983)	(52.0, 8.919142112874964)	(53.0, 8.27398447802801)	(54.0, 7.88399457765023)	(55.0, 7.903712213177102)	(56.0, 5.915630617295143)	(57.0, 3.969562316652195)	(58.0, 3.361743537587451)	(59.0, 3.1238004042681884)	(60.0, 2.1234986904487037)	(61.0, 0.5671086608864154)	(62.0, 0.12045888830497743)	(63.0, 0.030114722076244358)	(64.0, 0.014306617731423707)	(65.0, 0.008555640702752396)	(66.0, 0.00549600760375485)	(67.0, 0.003937861118154248)	(68.0, 0.002379714632553646)	(69.0, 0.0015298165494987727)	(70.0, 0.0009348878913603611)	(71.0, 0.000679918466443899)	(72.0, 0.0005099388498329242)	(73.0, 0.00039661910542560766)	(74.0, 0.00036828916932377863)	(75.0, 0.0003399592332219495)	(76.0, 0.00016997961661097474)	(77.0, 8.498980830548737e-05)	(78.0, 0.00011331974440731649)	(79.0, 0.0001416496805091456)	(80.0, 5.665987220365824e-05)	(81.0, 0.0)	(82.0, 0.0)	(83.0, 0.0)	(84.0, 0.0)	(85.0, 0.0)	(86.0, 0.0)	(87.0, 0.0)	(88.0, 0.0)	(89.0, 0.0)	(90.0, 0.0)	(91.0, 0.0)	(92.0, 0.0)	(93.0, 0.0)	(94.0, 0.0)	(95.0, 0.0)	(96.0, 0.0)	(97.0, 0.0)	(98.0, 0.0)	(99.0, 0.0)	(100.0, 0.0)
SRR5413806_cleaned	(0.0, 0.006326015564900131)	(1.0, 0.004033560383124395)	(2.0, 0.002959878842292722)	(3.0, 0.004004541963101918)	(4.0, 0.0027567499021353787)	(5.0, 0.0022344183417307806)	(6.0, 0.005020186663888637)	(7.0, 0.008734544426765778)	(8.0, 0.014102952130924147)	(9.0, 0.015698965232160418)	(10.0, 0.010794852248361693)	(11.0, 0.007254605005619417)	(12.0, 0.006442089244990042)	(13.0, 0.006558162925079953)	(14.0, 0.006384052404945087)	(15.0, 0.006267978724855176)	(16.0, 0.006906383965349685)	(17.0, 0.00783497340606897)	(18.0, 0.008357304966473569)	(19.0, 0.008763562846788257)	(20.0, 0.00995331806770984)	(21.0, 0.01082387066838417)	(22.0, 0.010852889088406648)	(23.0, 0.012042644309328233)	(24.0, 0.014277062651059012)	(25.0, 0.01694675729312696)	(26.0, 0.020196820335644457)	(27.0, 0.02263436761753258)	(28.0, 0.025739338559937694)	(29.0, 0.03160105940447818)	(30.0, 0.03708554078872646)	(31.0, 0.04262805901301969)	(32.0, 0.05333585600131396)	(33.0, 0.06746782655226058)	(34.0, 0.0797716366417911)	(35.0, 0.09178526253109687)	(36.0, 0.10847085404402151)	(37.0, 0.12544662975717097)	(38.0, 0.16180671004533548)	(39.0, 0.21343047926532327)	(40.0, 0.2674047405071317)	(41.0, 0.28916855552398996)	(42.0, 0.37581755771110825)	(43.0, 0.7288266372845491)	(44.0, 1.3260257213471396)	(45.0, 2.407542235584882)	(46.0, 3.559457436797156)	(47.0, 4.614189949354151)	(48.0, 5.560828847327418)	(49.0, 7.374770282932497)	(50.0, 9.40272256620335)	(51.0, 9.517838638432517)	(52.0, 9.105777074113334)	(53.0, 8.44540488966181)	(54.0, 8.046981982753191)	(55.0, 8.068919908290185)	(56.0, 6.034902775234636)	(57.0, 4.045312843233499)	(58.0, 3.4264369994141184)	(59.0, 3.185903315847801)	(60.0, 2.164222783696407)	(61.0, 0.5735200533242486)	(62.0, 0.11854024579182128)	(63.0, 0.02724829640110653)	(64.0, 0.012216754829463099)	(65.0, 0.00745773394577676)	(66.0, 0.004904112983798726)	(67.0, 0.00348221040269732)	(68.0, 0.0020312894015734368)	(69.0, 0.0013348473210339727)	(70.0, 0.0007544789205844194)	(71.0, 0.0004933131403821203)	(72.0, 0.000435276300337165)	(73.0, 0.0003772394602922097)	(74.0, 0.00029018420022477667)	(75.0, 0.00023214736017982134)	(76.0, 0.00011607368008991067)	(77.0, 5.8036840044955334e-05)	(78.0, 0.00011607368008991067)	(79.0, 0.00014509210011238834)	(80.0, 5.8036840044955334e-05)	(81.0, 0.0)	(82.0, 0.0)	(83.0, 0.0)	(84.0, 0.0)	(85.0, 0.0)	(86.0, 0.0)	(87.0, 0.0)	(88.0, 0.0)	(89.0, 0.0)	(90.0, 0.0)	(91.0, 0.0)	(92.0, 0.0)	(93.0, 0.0)	(94.0, 0.0)	(95.0, 0.0)	(96.0, 0.0)	(97.0, 0.0)	(98.0, 0.0)	(99.0, 0.0)	(100.0, 0.0)
SRR5413807	(0.0, 0.00435583004926673)	(1.0, 0.0030376183238307462)	(2.0, 0.0025217963443123176)	(3.0, 0.0032382157603101347)	(4.0, 0.0023498556844728413)	(5.0, 0.0020632879180737147)	(6.0, 0.0038686648463882142)	(7.0, 0.0066197154038198334)	(8.0, 0.010115842153889183)	(9.0, 0.010803604793247087)	(10.0, 0.008310465225574683)	(11.0, 0.005960609541101842)	(12.0, 0.004928965582064984)	(13.0, 0.005014935911984723)	(14.0, 0.005330160455023762)	(15.0, 0.005760012104622453)	(16.0, 0.005645384998062802)	(17.0, 0.00573135532798254)	(18.0, 0.006247177307500968)	(19.0, 0.006848969616939135)	(20.0, 0.008109867789095294)	(21.0, 0.009399422737891365)	(22.0, 0.009943901494049705)	(23.0, 0.01146271065596508)	(24.0, 0.013354057914199318)	(25.0, 0.01667824400442919)	(26.0, 0.021034074053695923)	(27.0, 0.02473079824024466)	(28.0, 0.03106394587766537)	(29.0, 0.03788425871796459)	(30.0, 0.04364427082258704)	(31.0, 0.05441921883919422)	(32.0, 0.06943536979850848)	(33.0, 0.08989630831940613)	(34.0, 0.11221993732189812)	(35.0, 0.13548923995350726)	(36.0, 0.16537825798893618)	(37.0, 0.19796101302851696)	(38.0, 0.25126261757875457)	(39.0, 0.3118143866188901)	(40.0, 0.3711339142635094)	(41.0, 0.42231491734239346)	(42.0, 0.5463127898632957)	(43.0, 0.9223756697088701)	(44.0, 1.5174336366366572)	(45.0, 2.5271265047673417)	(46.0, 3.6161413306373036)	(47.0, 4.615747013390738)	(48.0, 5.476739867536915)	(49.0, 7.229961462366774)	(50.0, 9.27284575547287)	(51.0, 9.440115360720041)	(52.0, 9.016568201982132)	(53.0, 8.358207415456778)	(54.0, 7.957155826381198)	(55.0, 7.968847791250283)	(56.0, 5.946510406995005)	(57.0, 3.9510530792279632)	(58.0, 3.316477417313737)	(59.0, 3.049883424232629)	(60.0, 2.0620270199015582)	(61.0, 0.5342482868978924)	(62.0, 0.10453992118240153)	(63.0, 0.023040048418489813)	(64.0, 0.010946888676446652)	(65.0, 0.006017923094381667)	(66.0, 0.003438813196789524)	(67.0, 0.002493139567672405)	(68.0, 0.0017767201516745875)	(69.0, 0.001346868502075897)	(70.0, 0.0010316439590368574)	(71.0, 0.0006304490860780794)	(72.0, 0.0004011948729587778)	(73.0, 0.0003438813196789524)	(74.0, 0.0002292542131193016)	(75.0, 0.0002005974364793889)	(76.0, 0.0001719406598394762)	(77.0, 5.73135532798254e-05)	(78.0, 2.86567766399127e-05)	(79.0, 2.86567766399127e-05)	(80.0, 5.73135532798254e-05)	(81.0, 5.73135532798254e-05)	(82.0, 0.0)	(83.0, 0.0)	(84.0, 0.0)	(85.0, 0.0)	(86.0, 0.0)	(87.0, 0.0)	(88.0, 0.0)	(89.0, 0.0)	(90.0, 0.0)	(91.0, 0.0)	(92.0, 0.0)	(93.0, 0.0)	(94.0, 0.0)	(95.0, 0.0)	(96.0, 0.0)	(97.0, 0.0)	(98.0, 0.0)	(99.0, 0.0)	(100.0, 0.0)
SRR5413807_cleaned	(0.0, 0.004448789168369109)	(1.0, 0.0031024450779416155)	(2.0, 0.002575614781687379)	(3.0, 0.003190250127317322)	(4.0, 0.0022536629339764565)	(5.0, 0.0020195161356412403)	(6.0, 0.0038048854729472643)	(7.0, 0.006556110353386055)	(8.0, 0.009951238929246691)	(9.0, 0.01065367932425234)	(10.0, 0.008224406291524471)	(11.0, 0.005882938308172309)	(12.0, 0.004770741016080032)	(13.0, 0.004595130917328619)	(14.0, 0.0046243992671205205)	(15.0, 0.00488781441524764)	(16.0, 0.004829277715663835)	(17.0, 0.004770741016080032)	(18.0, 0.00503415616420715)	(19.0, 0.005414644711501876)	(20.0, 0.006585378703177957)	(21.0, 0.007668307645478332)	(22.0, 0.007141477349224096)	(23.0, 0.007843917744229746)	(24.0, 0.008926846686530121)	(25.0, 0.010565874274876633)	(26.0, 0.013873197801361564)	(27.0, 0.016156129085129922)	(28.0, 0.019609794360574362)	(29.0, 0.02347321653310543)	(30.0, 0.02549273266874667)	(31.0, 0.030351278734202406)	(32.0, 0.04024398096386529)	(33.0, 0.05435132556356208)	(34.0, 0.06813671831554793)	(35.0, 0.08300504000983416)	(36.0, 0.10463435050604977)	(37.0, 0.1265856128499763)	(38.0, 0.1655710547727898)	(39.0, 0.21333700163317393)	(40.0, 0.25996148285167386)	(41.0, 0.2963713099928)	(42.0, 0.40524957121867555)	(43.0, 0.7732990698518436)	(44.0, 1.380822206482354)	(45.0, 2.432199867707059)	(46.0, 3.57369477794103)	(47.0, 4.624926097416775)	(48.0, 5.529874204632594)	(49.0, 7.336550900587123)	(50.0, 9.432662307633771)	(51.0, 9.608008991237057)	(52.0, 9.17753010249776)	(53.0, 8.506787330316742)	(54.0, 8.097703605275328)	(55.0, 8.111869486574609)	(56.0, 6.049709365286566)	(57.0, 4.015149297852289)	(58.0, 3.3696358431918894)	(59.0, 3.100484098505558)	(60.0, 2.0959357969478964)	(61.0, 0.5381864159734946)	(62.0, 0.10153190542810815)	(63.0, 0.020546381553915225)	(64.0, 0.009482945332576258)	(65.0, 0.005268302962542366)	(66.0, 0.0030731767281497136)	(67.0, 0.0022536629339764565)	(68.0, 0.0016682959381384157)	(69.0, 0.0012878073908436894)	(70.0, 0.000965855543132767)	(71.0, 0.0006146353456299427)	(72.0, 0.00038048854729472647)	(73.0, 0.00032195184771092235)	(74.0, 0.00023414679833521628)	(75.0, 0.00020487844854331423)	(76.0, 0.0001756100987514122)	(77.0, 5.853669958380407e-05)	(78.0, 2.9268349791902036e-05)	(79.0, 2.9268349791902036e-05)	(80.0, 5.853669958380407e-05)	(81.0, 5.853669958380407e-05)	(82.0, 0.0)	(83.0, 0.0)	(84.0, 0.0)	(85.0, 0.0)	(86.0, 0.0)	(87.0, 0.0)	(88.0, 0.0)	(89.0, 0.0)	(90.0, 0.0)	(91.0, 0.0)	(92.0, 0.0)	(93.0, 0.0)	(94.0, 0.0)	(95.0, 0.0)	(96.0, 0.0)	(97.0, 0.0)	(98.0, 0.0)	(99.0, 0.0)	(100.0, 0.0)
SRR5413808	(0.0, 0.012688118126379756)	(1.0, 0.008906082915631944)	(2.0, 0.006039056223613441)	(3.0, 0.007716571841283842)	(4.0, 0.006344059063189878)	(5.0, 0.005490051112375856)	(6.0, 0.010736099953090564)	(7.0, 0.02083169394307061)	(8.0, 0.03394681604485738)	(9.0, 0.0398333708486826)	(10.0, 0.03495332541545962)	(11.0, 0.02821276266082037)	(12.0, 0.026443746191277043)	(13.0, 0.028914269191846174)	(14.0, 0.030896787649093014)	(15.0, 0.03126279105658474)	(16.0, 0.03382481490902681)	(17.0, 0.0362648376256383)	(18.0, 0.03806435437913927)	(19.0, 0.040290875108047255)	(20.0, 0.043554405491515125)	(21.0, 0.05023396767823909)	(22.0, 0.055510516802911435)	(23.0, 0.06197657700193189)	(24.0, 0.07127916360901321)	(25.0, 0.08405878258726589)	(26.0, 0.10400596829556483)	(27.0, 0.13603126645109065)	(28.0, 0.17659664411475673)	(29.0, 0.2144474965061925)	(30.0, 0.2514443409468142)	(31.0, 0.29213171974631086)	(32.0, 0.33974266300419254)	(33.0, 0.3864080974593873)	(34.0, 0.42999300323486006)	(35.0, 0.47251039907181536)	(36.0, 0.5248183860591742)	(37.0, 0.5847209437519864)	(38.0, 0.6705487428087955)	(39.0, 0.7500019825184573)	(40.0, 0.8131375703107796)	(41.0, 0.8657200598537572)	(42.0, 0.9568549083191965)	(43.0, 1.2850989642713573)	(44.0, 1.7910681748447077)	(45.0, 2.651481185289835)	(46.0, 3.5688077255999255)	(47.0, 4.407291031879507)	(48.0, 5.175898187612127)	(49.0, 6.631371738070882)	(50.0, 8.286835650439905)	(51.0, 8.43433502365907)	(52.0, 8.156355435669106)	(53.0, 7.666215872469772)	(54.0, 7.275690236676104)	(55.0, 7.1713792655409625)	(56.0, 5.434845598412521)	(57.0, 3.735735779700109)	(58.0, 3.1698945117179043)	(59.0, 2.9203716886604214)	(60.0, 2.0149402590938124)	(61.0, 0.6607276513744342)	(62.0, 0.2554093778613079)	(63.0, 0.1414298167115936)	(64.0, 0.1005594362083511)	(65.0, 0.07524420052350687)	(66.0, 0.05444300686439391)	(67.0, 0.040626378231581335)	(68.0, 0.026748749030853478)	(69.0, 0.016195650781508777)	(70.0, 0.010980102224751712)	(71.0, 0.007411569001707406)	(72.0, 0.0050935474209264885)	(73.0, 0.003507532655129019)	(74.0, 0.0028975269759761463)	(75.0, 0.0019520181732891931)	(76.0, 0.0010065093706022404)	(77.0, 0.00039650369144936736)	(78.0, 0.00021350198770350552)	(79.0, 6.1000567915287285e-05)	(80.0, 3.0500283957643643e-05)	(81.0, 3.0500283957643643e-05)	(82.0, 3.0500283957643643e-05)	(83.0, 0.0)	(84.0, 0.0)	(85.0, 0.0)	(86.0, 0.0)	(87.0, 0.0)	(88.0, 0.0)	(89.0, 0.0)	(90.0, 0.0)	(91.0, 0.0)	(92.0, 0.0)	(93.0, 0.0)	(94.0, 0.0)	(95.0, 0.0)	(96.0, 0.0)	(97.0, 0.0)	(98.0, 0.0)	(99.0, 0.0)	(100.0, 0.0)
SRR5413808_cleaned	(0.0, 0.012177042196450482)	(1.0, 0.008547923709331003)	(2.0, 0.005788593950529416)	(3.0, 0.007438193262856452)	(4.0, 0.006028535668686076)	(5.0, 0.005128754225598602)	(6.0, 0.010287501165966786)	(7.0, 0.019885169892233177)	(8.0, 0.03206221208868366)	(9.0, 0.03698101731089518)	(10.0, 0.03152234322283117)	(11.0, 0.02465401154059679)	(12.0, 0.02294442679873059)	(13.0, 0.025193880406449272)	(14.0, 0.02672350885969798)	(15.0, 0.026213632708615077)	(16.0, 0.028163159168637937)	(17.0, 0.03203221937391408)	(18.0, 0.03563134514626397)	(19.0, 0.03851064576414389)	(20.0, 0.04079009208663215)	(21.0, 0.04744847476547946)	(22.0, 0.054796689884027174)	(23.0, 0.06319465001951026)	(24.0, 0.07537169221596074)	(25.0, 0.09042803503029113)	(26.0, 0.11106302279176387)	(27.0, 0.14486481233708332)	(28.0, 0.1869745838735771)	(29.0, 0.2242855210469377)	(30.0, 0.2606666840624412)	(31.0, 0.29758771594379724)	(32.0, 0.34116713050400055)	(33.0, 0.38435663977219936)	(34.0, 0.41758856773689673)	(35.0, 0.45115041556405944)	(36.0, 0.49769910888645147)	(37.0, 0.5475769935482672)	(38.0, 0.620789210300818)	(39.0, 0.689382548978853)	(40.0, 0.7391404627815903)	(41.0, 0.7815501614657799)	(42.0, 0.8726080435062323)	(43.0, 1.2087064052141736)	(44.0, 1.727250450865485)	(45.0, 2.5918804322430082)	(46.0, 3.5669735821169035)	(47.0, 4.5204719773567)	(48.0, 5.325356470913215)	(49.0, 6.715368836909515)	(50.0, 8.360529227450652)	(51.0, 8.480350122955134)	(52.0, 8.036098031788079)	(53.0, 7.420977444578712)	(54.0, 7.056445989269207)	(55.0, 7.059025362739391)	(56.0, 5.448536550471891)	(57.0, 3.8422767109869014)	(58.0, 3.2808130905003177)	(59.0, 3.022605809048982)	(60.0, 2.1373708326247556)	(61.0, 0.7784009264149738)	(62.0, 0.3523544131130548)	(63.0, 0.2110887265483214)	(64.0, 0.1406058468398026)	(65.0, 0.0992458931725484)	(66.0, 0.07144264658114544)	(67.0, 0.05557650046803631)	(68.0, 0.03842066761983515)	(69.0, 0.023514288379352655)	(70.0, 0.016196065975574533)	(71.0, 0.011397231612441338)	(72.0, 0.00863790185363975)	(73.0, 0.0064784263902298135)	(74.0, 0.004348943641589458)	(75.0, 0.0024893953258753447)	(76.0, 0.001229701305552881)	(77.0, 0.0004798834363133195)	(78.0, 0.00032991986246540717)	(79.0, 0.00014996357384791233)	(80.0, 5.998542953916494e-05)	(81.0, 0.0)	(82.0, 2.999271476958247e-05)	(83.0, 5.998542953916494e-05)	(84.0, 2.999271476958247e-05)	(85.0, 0.0)	(86.0, 0.0)	(87.0, 0.0)	(88.0, 0.0)	(89.0, 0.0)	(90.0, 0.0)	(91.0, 0.0)	(92.0, 0.0)	(93.0, 0.0)	(94.0, 0.0)	(95.0, 0.0)	(96.0, 0.0)	(97.0, 0.0)	(98.0, 0.0)	(99.0, 0.0)	(100.0, 0.0)
SRR5413809	(0.0, 0.004268926869401885)	(1.0, 0.002845951246267923)	(2.0, 0.0017787195289174517)	(3.0, 0.0029106319564103757)	(4.0, 0.0024578669854132063)	(5.0, 0.0016816984637037726)	(6.0, 0.003525098702763678)	(7.0, 0.007082537760598581)	(8.0, 0.012095292796638674)	(9.0, 0.013485928064701407)	(10.0, 0.009896148651795278)	(11.0, 0.006694453499743865)	(12.0, 0.005918284978034431)	(13.0, 0.006888495630171223)	(14.0, 0.006403390304102827)	(15.0, 0.005368498941823582)	(16.0, 0.006338709593960374)	(17.0, 0.007405941311310845)	(18.0, 0.007567643086666977)	(19.0, 0.008279130898233959)	(20.0, 0.00970210652136792)	(21.0, 0.010672317173504711)	(22.0, 0.011448485695214144)	(23.0, 0.013324226289345277)	(24.0, 0.014682521202336783)	(25.0, 0.017108047832678764)	(26.0, 0.021473995767294328)	(27.0, 0.02503143482512923)	(28.0, 0.02962376524524338)	(29.0, 0.03641523981020092)	(30.0, 0.04382118112151177)	(31.0, 0.05252073663567167)	(32.0, 0.06633006825108534)	(33.0, 0.08848321147487542)	(34.0, 0.11312656203914995)	(35.0, 0.1396779935526268)	(36.0, 0.17182430649342584)	(37.0, 0.20335615268787158)	(38.0, 0.2578173106278169)	(39.0, 0.33093885344385976)	(40.0, 0.3970425392094465)	(41.0, 0.43226118588201207)	(42.0, 0.5468107235442959)	(43.0, 0.9165903434286986)	(44.0, 1.504926082884449)	(45.0, 2.541531483982469)	(46.0, 3.620729132709294)	(47.0, 4.591974676208365)	(48.0, 5.528842422266723)	(49.0, 7.278293929844715)	(50.0, 9.092684870405728)	(51.0, 9.16205493203351)	(52.0, 8.891657223282985)	(53.0, 8.364089011006069)	(54.0, 8.020860822635143)	(55.0, 7.999710230418562)	(56.0, 5.985682278002867)	(57.0, 4.03041675075159)	(58.0, 3.3708675494289984)	(59.0, 3.110074926134629)	(60.0, 2.112730716093078)	(61.0, 0.5592294198916469)	(62.0, 0.1131912427492924)	(63.0, 0.02344675742663914)	(64.0, 0.009087639775014618)	(65.0, 0.00556254107225094)	(66.0, 0.003266375862193866)	(67.0, 0.0015846773984900934)	(68.0, 0.0011642527825641502)	(69.0, 0.00080850887678066)	(70.0, 0.00045276497099716953)	(71.0, 0.00019404213042735838)	(72.0, 0.0001293614202849056)	(73.0, 0.00022638248549858476)	(74.0, 0.00045276497099716953)	(75.0, 0.00045276497099716953)	(76.0, 0.000161701775356132)	(77.0, 3.23403550712264e-05)	(78.0, 9.702106521367919e-05)	(79.0, 0.0001293614202849056)	(80.0, 3.23403550712264e-05)	(81.0, 0.0)	(82.0, 3.23403550712264e-05)	(83.0, 3.23403550712264e-05)	(84.0, 0.0)	(85.0, 0.0)	(86.0, 0.0)	(87.0, 3.23403550712264e-05)	(88.0, 3.23403550712264e-05)	(89.0, 0.0)	(90.0, 0.0)	(91.0, 0.0)	(92.0, 0.0)	(93.0, 0.0)	(94.0, 0.0)	(95.0, 0.0)	(96.0, 3.23403550712264e-05)	(97.0, 3.23403550712264e-05)	(98.0, 0.0)	(99.0, 0.0)	(100.0, 0.0)
SRR5413809_cleaned	(0.0, 0.004376768114846396)	(1.0, 0.002917845409897597)	(2.0, 0.0017904960469826163)	(3.0, 0.0028515307414908333)	(4.0, 0.0023873280626434882)	(5.0, 0.001657866710169089)	(6.0, 0.003547834759761851)	(7.0, 0.007029354851116939)	(8.0, 0.012069269650030969)	(9.0, 0.013461877686573004)	(10.0, 0.009582469584777334)	(11.0, 0.006233578830235775)	(12.0, 0.005470960143557994)	(13.0, 0.006366208167049303)	(14.0, 0.005902005488201957)	(15.0, 0.004973600130507267)	(16.0, 0.005736218817185048)	(17.0, 0.006432522835456066)	(18.0, 0.006697781509083121)	(19.0, 0.00706251218532032)	(20.0, 0.007659344200981192)	(21.0, 0.008289333550845445)	(22.0, 0.008687221561286027)	(23.0, 0.009914042926811152)	(24.0, 0.010676661613488934)	(25.0, 0.012367685657861406)	(26.0, 0.014953957725725183)	(27.0, 0.016545509767487507)	(28.0, 0.017739173798809252)	(29.0, 0.02102174988494405)	(30.0, 0.025829563344434408)	(31.0, 0.029178454098975966)	(32.0, 0.036108336947482764)	(33.0, 0.04940442796303885)	(34.0, 0.06303209232062876)	(35.0, 0.07798605004635395)	(36.0, 0.09526102116631585)	(37.0, 0.11057970956827824)	(38.0, 0.14897590257579435)	(39.0, 0.20385129068239122)	(40.0, 0.2522609986193286)	(41.0, 0.2678781030291214)	(42.0, 0.3638354282137083)	(43.0, 0.7313844778581954)	(44.0, 1.3395894591508275)	(45.0, 2.422110106222836)	(46.0, 3.5630208188269994)	(47.0, 4.600978008729663)	(48.0, 5.59347649343949)	(49.0, 7.408575282401015)	(50.0, 9.283556216933848)	(51.0, 9.361210693638169)	(52.0, 9.086999539776201)	(53.0, 8.548093386968638)	(54.0, 8.197321948431062)	(55.0, 8.177493862577439)	(56.0, 6.114842416453465)	(57.0, 4.112504161245443)	(58.0, 3.439178175577369)	(59.0, 3.175046851313229)	(60.0, 2.1562214432459172)	(61.0, 0.5659293801833203)	(62.0, 0.1112096989181425)	(63.0, 0.021485952563791395)	(64.0, 0.00799091754301501)	(65.0, 0.004940442796303885)	(66.0, 0.0028515307414908333)	(67.0, 0.0014589227049487984)	(68.0, 0.0009947200261014534)	(69.0, 0.0007294613524743992)	(70.0, 0.00046420267884734497)	(71.0, 0.00019894400522029072)	(72.0, 9.947200261014536e-05)	(73.0, 0.00013262933681352715)	(74.0, 0.0003647306762371996)	(75.0, 0.0004310453446439632)	(76.0, 0.0001657866710169089)	(77.0, 3.315733420338179e-05)	(78.0, 9.947200261014536e-05)	(79.0, 0.00013262933681352715)	(80.0, 3.315733420338179e-05)	(81.0, 0.0)	(82.0, 3.315733420338179e-05)	(83.0, 3.315733420338179e-05)	(84.0, 0.0)	(85.0, 0.0)	(86.0, 0.0)	(87.0, 0.0)	(88.0, 0.0)	(89.0, 0.0)	(90.0, 0.0)	(91.0, 0.0)	(92.0, 0.0)	(93.0, 0.0)	(94.0, 0.0)	(95.0, 0.0)	(96.0, 0.0)	(97.0, 0.0)	(98.0, 0.0)	(99.0, 0.0)	(100.0, 0.0)
