Sample	0	1	2	3	4	5	6	7	8	9	10	11	12	13	14	15	16	17	18	19	20	21	22	23	24	25	26	27	28	29	30	31	32	33	34	35	36	37	38	39	40	41	42	43	44	45	46	47	48	49	50	51	52	53	54
SRR5413733	(1, 34.70873685034848)	(2, 34.737254953144166)	(3, 34.74704377561409)	(4, 34.76961027434807)	(5, 34.7778198334595)	(6, 39.681915476780915)	(7, 39.688741548983266)	(8, 39.702915763919705)	(9, 39.71044663133989)	(10, 39.70507583074473)	(12, 39.68003602286669)	(14, 39.66130021665927)	(16, 39.64484846902816)	(18, 39.66548330679475)	(20, 39.689576861834034)	(22, 39.69399488370879)	(24, 39.668844135842754)	(26, 39.63553603591845)	(28, 39.63667806520661)	(30, 39.62251690203347)	(32, 39.59121877365632)	(34, 39.55280090840273)	(36, 39.4550562530998)	(38, 39.3872653945548)	(40, 39.330679474797044)	(42, 39.24540577932079)	(44, 39.121185622177556)	(46, 39.00788979091075)	(48, 38.9055639666919)	(50, 38.81787569500639)	(52, 38.77070009658305)	(54, 38.73296744890234)	(56, 38.69726435041374)	(58, 38.47842543527631)	(60, 37.01448745725548)	(62, 35.83488214257746)	(64, 35.04768461719178)	(66, 33.46891069983555)	(68, 31.11490119815187)	(70, 27.354805659244562)	(72, 24.012333916312095)	(74, 23.670090579237254)	(76, 23.463448536897335)	(78, 23.33043801717612)	(80, 23.080509801874236)	(82, 22.871720744472576)	(84, 22.52604479365162)	(86, 22.139732177817223)	(88, 21.877293847398782)	(90, 21.660288705004046)	(92, 21.458032055130648)	(94, 21.31339894019682)	(96, 21.10129473491869)	(98, 20.970881516092824)	(100, 20.500959304602052)
SRR5413733_cleaned	(1, 34.703133359360315)	(2, 34.734683844474326)	(3, 34.743402883211154)	(4, 34.76967567489408)	(5, 34.77794647117512)	(6, 39.68208042337223)	(7, 39.68799433190185)	(8, 39.700646336702384)	(9, 39.70838213392328)	(10, 39.70233086077011)	(12, 39.67694732428173)	(14, 39.66014546190662)	(16, 39.63836955421565)	(18, 39.6593140444483)	(20, 39.68623751066383)	(22, 39.68740872482251)	(24, 39.66708599025434)	(26, 39.64125421131017)	(28, 39.65183128732342)	(30, 39.643170086322826)	(32, 39.62567417111294)	(34, 39.606703393629175)	(36, 39.5323438228054)	(38, 39.502370302081346)	(40, 39.501126005091)	(42, 39.46614023665853)	(44, 39.39461106902602)	(46, 39.32276495651012)	(48, 39.26791711554654)	(50, 39.20237019629229)	(52, 39.170838208567496)	(54, 39.16484939785313)	(56, 39.15805189250027)	(58, 38.98860203586428)	(60, 38.56647701942488)	(62, 37.77507702924797)	(64, 36.74013626704621)	(66, 34.614092752076154)	(68, 31.372738256268136)	(70, 26.128169309568737)	(72, 21.535052112926195)	(74, 21.081243414117303)	(76, 20.596221170754163)	(78, 20.212405575626953)	(80, 19.64013298689602)	(82, 19.135280141874357)	(84, 18.450426546247048)	(86, 17.693146677656088)	(88, 17.10525898938698)	(90, 16.572135730060474)	(92, 16.032535098799094)	(94, 15.638294625799535)	(96, 15.149794118166476)	(98, 14.948672529916994)	(100, 14.640975469094354)
SRR5413734	(1, 34.704279242510815)	(2, 34.726889641661906)	(3, 34.747061464370255)	(4, 34.76951881479063)	(5, 34.7830381193372)	(6, 39.692239409027835)	(7, 39.68950493837238)	(8, 39.693953554811856)	(9, 39.714451881479064)	(10, 39.7015039588605)	(12, 39.69003040568117)	(14, 39.67074626561097)	(16, 39.638427475308134)	(18, 39.661007264713085)	(20, 39.681536201126434)	(22, 39.690724226593744)	(24, 39.64805424047017)	(26, 39.62635193045466)	(28, 39.63001999836748)	(30, 39.60912884662477)	(32, 39.57236143988246)	(34, 39.53063525426496)	(36, 39.43347481838217)	(38, 39.369010693004654)	(40, 39.286864337605095)	(42, 39.169312709166604)	(44, 38.99863276467227)	(46, 38.83788568280141)	(48, 38.70577912007183)	(50, 38.59157415721165)	(52, 38.534849195984)	(54, 38.491868010774624)	(56, 38.47157374908171)	(58, 38.30792894457595)	(60, 37.330064892661824)	(62, 36.476889641661906)	(64, 35.851236633744186)	(66, 34.62880581177047)	(68, 32.91877193698474)	(70, 30.013100971349278)	(72, 27.528916006856583)	(74, 27.258137090849726)	(76, 27.113148926618237)	(78, 27.003265039588605)	(80, 26.791124193943354)	(82, 26.718548485837893)	(84, 26.46842094522896)	(86, 26.199754101705985)	(88, 25.999918374010285)	(90, 25.843318912741815)	(92, 25.661298057301444)	(94, 25.52844665741572)	(96, 25.380555668924984)	(98, 25.24252612031671)	(100, 24.62150538731532)
SRR5413734_cleaned	(1, 34.70699386775192)	(2, 34.72978187826434)	(3, 34.74993069339868)	(4, 34.77297375220395)	(5, 34.786702003792456)	(6, 39.69800064316526)	(7, 39.69507313232571)	(8, 39.698333314851574)	(9, 39.718160547355815)	(10, 39.7058073387374)	(12, 39.694873529313924)	(14, 39.67735836502955)	(16, 39.639755375419995)	(18, 39.66483882056798)	(20, 39.68657337074042)	(22, 39.69516738930349)	(24, 39.65243571119662)	(26, 39.638557757349275)	(28, 39.6492309739518)	(30, 39.63658944987192)	(32, 39.61435589217002)	(34, 39.59686845052617)	(36, 39.52723589539876)	(38, 39.5065586414624)	(40, 39.48527291014625)	(42, 39.44248194406089)	(44, 39.359299889968334)	(46, 39.275824368027415)	(48, 39.20430084729752)	(50, 39.134496534527926)	(52, 39.10324598328869)	(54, 39.078835340115745)	(56, 39.08555256749201)	(58, 38.96870500654927)	(60, 38.67111713840019)	(62, 38.066243069238894)	(64, 37.26523008602866)	(66, 35.66632155152615)	(68, 33.36170513405358)	(70, 29.40416926316535)	(72, 26.067233998639267)	(74, 25.696513279384185)	(76, 25.340898404155613)	(78, 25.01577445481817)	(80, 24.534134114373906)	(82, 24.249725246634682)	(84, 23.74019017075285)	(86, 23.168168292091742)	(88, 22.70434750516522)	(90, 22.267100793673134)	(92, 21.80980272583544)	(94, 21.440363115646154)	(96, 21.034428457937278)	(98, 20.831159889842866)	(100, 20.38739672768508)
SRR5413735	(1, 34.66470024067606)	(2, 34.68771828233293)	(3, 34.701543584082806)	(4, 34.73286766435642)	(5, 34.7376088018675)	(6, 39.62649970141691)	(7, 39.64139266390402)	(8, 39.656448489893414)	(9, 39.688025913392806)	(10, 39.669631385606486)	(12, 39.65833951611444)	(14, 39.61454732994336)	(16, 39.562820072021864)	(18, 39.617587448652756)	(20, 39.65847523569968)	(22, 39.64417039141529)	(24, 39.5764372704077)	(26, 39.55410687464939)	(28, 39.58118745589114)	(30, 39.58488807658203)	(32, 39.551591538336254)	(34, 39.500416206728076)	(36, 39.38555219775249)	(38, 39.33953421038345)	(40, 39.29718969978828)	(42, 39.21788422214582)	(44, 39.09223503012974)	(46, 38.979162519679335)	(48, 38.85712346863068)	(50, 38.75031215504605)	(52, 38.69252275565046)	(54, 38.67262626445414)	(56, 38.63937496607011)	(58, 38.324351712781166)	(60, 36.38118202710773)	(62, 34.76500606214148)	(64, 33.67290675159697)	(66, 31.49030057364145)	(68, 28.289598450987135)	(70, 23.295624400571832)	(72, 18.99312354101446)	(74, 18.561987658565716)	(76, 18.325536997158935)	(78, 18.195979081087927)	(80, 17.929018656918984)	(82, 17.71108014693907)	(84, 17.34593112683448)	(86, 16.903231935723205)	(88, 16.622690505057818)	(90, 16.399775610285737)	(92, 16.176254501366245)	(94, 15.988536219033314)	(96, 15.75052930638244)	(98, 15.58172128625975)	(100, 15.181782812471726)
SRR5413735_cleaned	(1, 34.653350338467575)	(2, 34.67932895124105)	(3, 34.69388796232709)	(4, 34.726792897086234)	(5, 34.733562248601984)	(6, 39.619013048170316)	(7, 39.63614245070146)	(8, 39.65007357990778)	(9, 39.680682821544195)	(10, 39.6614637496321)	(12, 39.65151574610026)	(14, 39.610536642794074)	(16, 39.55050524870009)	(18, 39.604601196899836)	(20, 39.64817031295988)	(22, 39.633130579809674)	(24, 39.56482880408123)	(26, 39.55430197194153)	(28, 39.58610811341117)	(30, 39.59232806828216)	(32, 39.572324144020406)	(34, 39.54675757873051)	(36, 39.458324340233496)	(38, 39.459354458942414)	(40, 39.48003531835573)	(42, 39.464505052487)	(44, 39.40834886686942)	(46, 39.34694398116355)	(48, 39.28085941332287)	(50, 39.20113803590699)	(52, 39.16764446188561)	(54, 39.17105856960659)	(56, 39.14903365054449)	(58, 38.93028549004219)	(60, 38.44334347100951)	(62, 37.509290689688996)	(64, 36.336417149023845)	(66, 33.974031197880905)	(68, 30.504905327185323)	(70, 25.089963700578828)	(72, 20.42516432846071)	(74, 19.958049641911117)	(76, 19.701667811243013)	(78, 19.56118905130972)	(80, 19.271725694103797)	(82, 19.035416462278036)	(84, 18.639487883841852)	(86, 18.159472186794858)	(88, 17.85528303737859)	(90, 17.613577945648977)	(92, 17.371215540076523)	(94, 17.16767389384872)	(96, 16.909604630628863)	(98, 16.72656725203571)	(100, 16.292916707544393)
SRR5413736	(1, 34.577290998829696)	(2, 34.61008497430418)	(3, 34.618506080496616)	(4, 34.67132244441052)	(5, 34.676537933139976)	(6, 39.55658169236249)	(7, 39.5391034447667)	(8, 39.56434132193558)	(9, 39.60754083346054)	(10, 39.56922607235536)	(12, 39.51634610492037)	(14, 39.50541901999695)	(16, 39.453505826082534)	(18, 39.48376838141759)	(20, 39.537602401668956)	(22, 39.54131684730066)	(24, 39.5)	(26, 39.44000915890704)	(28, 39.4840482369104)	(30, 39.483679336488066)	(32, 39.47277769297308)	(34, 39.44672569073424)	(36, 39.31413779066809)	(38, 39.265722790413676)	(40, 39.31885717193304)	(42, 39.31119930799369)	(44, 39.2498600722536)	(46, 39.18868620566835)	(48, 39.101345850506284)	(50, 38.98029562916603)	(52, 38.964967180583116)	(54, 38.9099755762479)	(56, 38.90075306568971)	(58, 38.4961583473261)	(60, 36.20266625960413)	(62, 34.287602401668956)	(64, 33.14294255329975)	(66, 30.649697247239608)	(68, 26.48813158296443)	(70, 21.19539001679133)	(72, 17.128873454434437)	(74, 16.703264132702387)	(76, 16.49781203887447)	(78, 16.338447056429043)	(80, 15.92947641581438)	(82, 15.840736783188317)	(84, 15.400218796112553)	(86, 14.913969877372411)	(88, 14.632422530911311)	(90, 14.417773367933648)	(92, 14.122322291762071)	(94, 13.975423599450465)	(96, 13.748384470564291)	(98, 13.612514628809851)	(100, 13.082252073474788)
SRR5413736_cleaned	(1, 34.557483491282845)	(2, 34.59329152045976)	(3, 34.60083441549471)	(4, 34.65893957395076)	(5, 34.66507335672644)	(6, 39.541016218605805)	(7, 39.522310944105215)	(8, 39.548310446771474)	(9, 39.591219296549056)	(10, 39.550838559942534)	(12, 39.493272179703254)	(14, 39.48537009919045)	(16, 39.42854971955903)	(18, 39.46032381952311)	(20, 39.514933826983125)	(22, 39.52117812836737)	(24, 39.48078357693477)	(26, 39.43055286933938)	(28, 39.47035338325091)	(30, 39.465697786864865)	(32, 39.45707733539635)	(34, 39.43512557676899)	(36, 39.303525543613404)	(38, 39.266336031829354)	(40, 39.34490094769707)	(42, 39.35598043820628)	(44, 39.30446495178626)	(46, 39.25199624236731)	(48, 39.182424778272036)	(50, 39.0618904207996)	(52, 39.04513303677507)	(54, 38.998784295305725)	(56, 38.9981211836543)	(58, 38.66224131738181)	(60, 38.12313154477385)	(62, 37.054679081590365)	(64, 35.81742325864117)	(66, 33.11114027574393)	(68, 28.592835631199403)	(70, 22.84553642969635)	(72, 18.42976542425331)	(74, 17.967217417732712)	(76, 17.74439808802807)	(78, 17.571173983919543)	(80, 17.12702732572597)	(82, 17.03080706213909)	(84, 16.552413450114663)	(86, 16.024175945624844)	(88, 15.718412400187882)	(90, 15.485452988146879)	(92, 15.164589837813942)	(94, 15.004904263255327)	(96, 14.758337247534055)	(98, 14.610532423396789)	(100, 14.035062028569062)
SRR5413737	(1, 34.64149312177385)	(2, 34.657461794695756)	(3, 34.68821674676431)	(4, 34.72263330536273)	(5, 34.732308592061436)	(6, 39.61817580796908)	(7, 39.618824217458744)	(8, 39.63945889592392)	(9, 39.658440765886034)	(10, 39.627717598596384)	(12, 39.57540620947441)	(14, 39.54946347293208)	(16, 39.492066519185286)	(18, 39.5402840287843)	(20, 39.585551910900904)	(22, 39.5766140310728)	(24, 39.55225417651995)	(26, 39.54056373483866)	(28, 39.56553385714649)	(30, 39.54487375085819)	(32, 39.504233732550155)	(34, 39.51357845754825)	(36, 39.46494774582348)	(38, 39.458717929158084)	(40, 39.447752180435835)	(42, 39.445152185521394)	(44, 39.41122511251812)	(46, 39.33854603707377)	(48, 39.29248353548452)	(50, 39.201826989091465)	(52, 39.19291453708648)	(54, 39.15507793627788)	(56, 39.14043151015842)	(58, 38.883419787931956)	(60, 37.47357413481832)	(62, 36.165077427721414)	(64, 35.19254583365118)	(66, 33.14306328985175)	(68, 29.893578203270017)	(70, 25.197205482238665)	(72, 21.06423068121138)	(74, 20.605741602461414)	(76, 20.475926208457295)	(78, 20.266439087649708)	(80, 20.186989854298574)	(82, 19.529044930963458)	(84, 19.309253184834844)	(86, 19.144430035344673)	(88, 18.808503064052687)	(90, 18.560797925089634)	(92, 18.29327179800137)	(94, 18.175973249930074)	(96, 17.962843593459965)	(98, 17.804479111043303)	(100, 17.28548452716963)
SRR5413737_cleaned	(1, 34.637153427276886)	(2, 34.656593368527524)	(3, 34.68372337919663)	(4, 34.722741821507256)	(5, 34.73183134500007)	(6, 39.62065095398429)	(7, 39.62139917695473)	(8, 39.638455889484696)	(9, 39.65718917570769)	(10, 39.622500727439)	(12, 39.56564270967563)	(14, 39.54570395311136)	(16, 39.48012359534994)	(18, 39.53381552146984)	(20, 39.586738440647906)	(22, 39.57424034584528)	(24, 39.54643832010087)	(26, 39.538831386568006)	(28, 39.5690582089759)	(30, 39.54265563730584)	(32, 39.501752781588166)	(34, 39.51916282163196)	(36, 39.46925308480823)	(38, 39.47361474176668)	(40, 39.479738954265464)	(42, 39.48717757081168)	(44, 39.45349618000797)	(46, 39.3857967787126)	(48, 39.352312228811925)	(50, 39.25493392400959)	(52, 39.243971584120615)	(54, 39.20968863053804)	(56, 39.20554818232483)	(58, 38.948984204594936)	(60, 38.58065579863222)	(62, 37.665212587584065)	(64, 36.44817562065112)	(66, 33.857786655580696)	(68, 29.708721923584775)	(70, 23.65132141791674)	(72, 18.427154752668812)	(74, 17.916159399094994)	(76, 17.60134565158576)	(78, 17.182187172670396)	(80, 16.92713072996056)	(82, 15.906029108066178)	(84, 15.498648426862388)	(86, 15.124431469150382)	(88, 14.543521427073877)	(90, 14.069780647545112)	(92, 13.576310690472129)	(94, 13.309644145249191)	(96, 12.909363146074352)	(98, 12.724088985698728)	(100, 12.405622310700066)
SRR5413805	(1, 33.72672964252282)	(2, 33.725853977130434)	(3, 33.728426934235614)	(4, 33.82457696994207)	(5, 33.77973499936373)	(6, 37.932389567088926)	(7, 37.811189225654964)	(8, 37.77241706309846)	(9, 37.79019359352275)	(10, 37.71449967082651)	(12, 37.64936341392128)	(14, 37.62877452749223)	(16, 37.621555662858945)	(18, 37.645723330410576)	(20, 37.6403964143623)	(22, 37.628216414280956)	(24, 37.59998593821997)	(26, 37.5756512143974)	(28, 37.61317757297164)	(30, 37.59806028784813)	(32, 37.57620467908636)	(34, 37.54639312437064)	(36, 37.526061359332516)	(38, 37.50377982971301)	(40, 37.441043081923816)	(42, 37.34741341691377)	(44, 37.236556909243994)	(46, 37.08231835753761)	(48, 36.951134152286755)	(50, 36.870432027853944)	(52, 36.80604592623841)	(54, 36.76924357501582)	(56, 36.76436436977368)	(58, 36.7301750691613)	(60, 36.62923269747358)	(62, 36.59153347197551)	(64, 36.51257715820723)	(66, 36.46165114350744)	(68, 36.41163798237861)	(70, 36.36945641923164)	(72, 36.31519973828819)	(74, 36.28195002025012)	(76, 36.25303824513634)	(78, 36.1952515925547)	(80, 36.15244799901451)	(82, 36.133887030448406)	(84, 36.11450908408422)	(86, 36.072801960746716)	(88, 36.02903990001029)	(90, 35.97483580547561)	(92, 35.90260241711539)	(94, 35.835098609685076)	(96, 35.777741945418214)	(98, 35.70845107168777)	(100, 34.72253086473556)
SRR5413805_cleaned	(1, 33.76885333549499)	(2, 33.761075550432224)	(3, 33.762545396241464)	(4, 33.858563401554605)	(5, 33.81505215091609)	(6, 37.99191882827182)	(7, 37.87757602995005)	(8, 37.83872703961968)	(9, 37.86018881498599)	(10, 37.79233093345938)	(12, 37.72851244570779)	(14, 37.710871911818785)	(16, 37.701549477358355)	(18, 37.719742246503756)	(20, 37.718011631212946)	(22, 37.70930371866221)	(24, 37.6865285591756)	(26, 37.66379214258339)	(28, 37.70804427657181)	(30, 37.702581528460826)	(32, 37.69941981025518)	(34, 37.689591333989384)	(36, 37.695599164822404)	(38, 37.704717156009295)	(40, 37.68601894110305)	(42, 37.65471825869167)	(44, 37.627126165341565)	(46, 37.58440556777116)	(48, 37.5420175630481)	(50, 37.51459832261149)	(52, 37.476536409082044)	(54, 37.45885385405373)	(56, 37.472753910499144)	(58, 37.46706496348929)	(60, 37.40705788248029)	(62, 37.4091669860472)	(64, 37.36191645005415)	(66, 37.323787183492904)	(68, 37.27119579049511)	(70, 37.22665159468734)	(72, 37.16956781407225)	(74, 37.13558820952396)	(76, 37.10608102510122)	(78, 37.04714950644532)	(80, 37.002854755273056)	(82, 36.98477016820972)	(84, 36.96432703294398)	(86, 36.921354606559945)	(88, 36.87624416844933)	(90, 36.82064573080126)	(92, 36.74701307185257)	(94, 36.67811092031064)	(96, 36.6194359988246)	(98, 36.54808142206688)	(100, 35.53747331955676)
SRR5413806	(1, 33.72386298539887)	(2, 33.73295094293438)	(3, 33.72220506634226)	(4, 33.824372770011045)	(5, 33.78178872807691)	(6, 37.93336706588557)	(7, 37.81798870507229)	(8, 37.78503883870873)	(9, 37.794761973025665)	(10, 37.71232157963536)	(12, 37.65831115503016)	(14, 37.62996589536978)	(16, 37.60967423533725)	(18, 37.64365562652739)	(20, 37.642490096965034)	(22, 37.63148187706355)	(24, 37.61174408438502)	(26, 37.592404906216515)	(28, 37.618056472372075)	(30, 37.60622637564502)	(32, 37.57612828871136)	(34, 37.548430388081115)	(36, 37.52399478033139)	(38, 37.48611336970632)	(40, 37.438677109781324)	(42, 37.352635303703465)	(44, 37.243756030921375)	(46, 37.1007168828402)	(48, 36.98475830701874)	(50, 36.908763173118814)	(52, 36.8431388158741)	(54, 36.81606617624144)	(56, 36.80699606711683)	(58, 36.78250181458844)	(60, 36.68121633237254)	(62, 36.64206003525486)	(64, 36.56780327991464)	(66, 36.516629052793334)	(68, 36.46443859948336)	(70, 36.42775558216134)	(72, 36.38203701930405)	(74, 36.36049738704931)	(76, 36.33473901373648)	(78, 36.28436343217575)	(80, 36.26075848380299)	(82, 36.23298125690209)	(84, 36.18847298628846)	(86, 36.148236152041264)	(88, 36.103514267113084)	(90, 36.05998454270954)	(92, 35.99923195171523)	(94, 35.92265461965036)	(96, 35.84230589003226)	(98, 35.75538667873937)	(100, 34.777350706542094)
SRR5413806_cleaned	(1, 33.76143608577884)	(2, 33.765328159378846)	(3, 33.754209109866636)	(4, 33.85534846711151)	(5, 33.81340739842216)	(6, 37.98793898277935)	(7, 37.8794403214414)	(8, 37.84602107152164)	(9, 37.857998513049125)	(10, 37.783622820575175)	(12, 37.73105719189154)	(14, 37.70283588577756)	(16, 37.6823876995152)	(18, 37.71057476281044)	(20, 37.71404228349688)	(22, 37.70720503729275)	(24, 37.691237436803135)	(26, 37.6742527085199)	(28, 37.70639365660489)	(30, 37.70564553807366)	(32, 37.69463995417266)	(34, 37.68849220743719)	(36, 37.690986709723624)	(38, 37.6847939830144)	(40, 37.67980788037532)	(42, 37.65433992904191)	(44, 37.625157792649865)	(46, 37.5826319843017)	(48, 37.54250259287784)	(50, 37.514677690919676)	(52, 37.47265565827756)	(54, 37.46355925661742)	(56, 37.473992288981535)	(58, 37.47665423284768)	(60, 37.41399596863358)	(62, 37.41459753950838)	(64, 37.37016516065976)	(66, 37.33033989189716)	(68, 37.27565236922581)	(70, 37.23638601291128)	(72, 37.188203465025026)	(74, 37.166135999707485)	(76, 37.1401480218388)	(78, 37.08840538157817)	(80, 37.06388868414133)	(82, 37.036539699324834)	(84, 36.99048368852036)	(86, 36.948766358926264)	(88, 36.90279624536198)	(90, 36.858378085988946)	(92, 36.79665163271501)	(94, 36.718309286942635)	(96, 36.63609953400747)	(98, 36.54689786179715)	(100, 35.54599507019488)
SRR5413807	(1, 33.685644934804415)	(2, 33.68941739504227)	(3, 33.68468777761857)	(4, 33.79121593351483)	(5, 33.75029488465396)	(6, 37.86956641352629)	(7, 37.75172488895257)	(8, 37.71589339446912)	(9, 37.72574752829918)	(10, 37.64764292878636)	(12, 37.586345321679325)	(14, 37.56502278263361)	(16, 37.54651669293595)	(18, 37.57727897979653)	(20, 37.56541882791231)	(22, 37.55363433156613)	(24, 37.542371113340025)	(26, 37.5118443903138)	(28, 37.541246310359654)	(30, 37.5338111477289)	(32, 37.50403954721307)	(34, 37.48210975784497)	(36, 37.453709413956155)	(38, 37.421454649663275)	(40, 37.38157243158045)	(42, 37.311559535750106)	(44, 37.22296116922195)	(46, 37.10203926063906)	(48, 37.01201891388451)	(50, 36.938499785069496)	(52, 36.88123570712136)	(54, 36.856716435019344)	(56, 36.84395099584468)	(58, 36.814640492907294)	(60, 36.72275282991833)	(62, 36.68810288006878)	(64, 36.61381172087692)	(66, 36.57662788365096)	(68, 36.53958303481874)	(70, 36.50694855996561)	(72, 36.462590915603954)	(74, 36.44442670869752)	(76, 36.414541338300616)	(78, 36.38068204613842)	(80, 36.355635764436165)	(82, 36.32556641352629)	(84, 36.28442728184554)	(86, 36.24311677890815)	(88, 36.19784037827769)	(90, 36.153029087261785)	(92, 36.09567961025935)	(94, 36.011990829631756)	(96, 35.92802607823471)	(98, 35.84611921478722)	(100, 34.83693165209915)
SRR5413807_cleaned	(1, 33.7235297010113)	(2, 33.72048865182299)	(3, 33.716503384667256)	(4, 33.820486778606934)	(5, 33.78122651162682)	(6, 37.92393103755096)	(7, 37.81120089539727)	(8, 37.77543476173862)	(9, 37.78830492679238)	(10, 37.718558068526924)	(12, 37.657764012241465)	(14, 37.63698653391809)	(16, 37.61869135955679)	(18, 37.644117047905155)	(20, 37.63578445605318)	(22, 37.627506304542784)	(24, 37.62088887614061)	(26, 37.59127625722066)	(28, 37.626969218377184)	(30, 37.6278891430739)	(32, 37.61642828041108)	(34, 37.61274477665411)	(36, 37.608091298208976)	(38, 37.60195710101083)	(40, 37.599662118654194)	(42, 37.57956426653055)	(44, 37.56011208856566)	(46, 37.5272072924301)	(48, 37.50525700524266)	(50, 37.473369014196635)	(52, 37.436206163817424)	(54, 37.42603606409209)	(56, 37.43085696122209)	(58, 37.42567283579154)	(60, 37.36814871228104)	(62, 37.367215323843936)	(64, 37.31898147389322)	(66, 37.29066020329077)	(68, 37.2508368007343)	(70, 37.21540755327544)	(72, 37.168532955724196)	(74, 37.14988508990267)	(76, 37.119659285414905)	(78, 37.08502498401913)	(80, 37.05894747502184)	(82, 37.02931729470137)	(84, 36.9870385156636)	(86, 36.94444831445678)	(88, 36.898033240218886)	(90, 36.85234286644204)	(92, 36.79405921235948)	(94, 36.70897656840868)	(96, 36.62317537048702)	(98, 36.539448466655585)	(100, 35.509645891920115)
SRR5413808	(1, 33.785361985084414)	(2, 33.79194619408562)	(3, 33.78768442404185)	(4, 33.8835773002486)	(5, 33.841985084414894)	(6, 38.03589379127332)	(7, 37.922003995790696)	(8, 37.892982964510665)	(9, 37.89636993091247)	(10, 37.81789717701963)	(12, 37.775810520215344)	(14, 37.753432872241454)	(16, 37.736221385105765)	(18, 37.77232747182357)	(20, 37.76900486510394)	(22, 37.75271515502753)	(24, 37.73750064817216)	(26, 37.71270386920648)	(28, 37.74254022480136)	(30, 37.726670225258886)	(32, 37.70710000152511)	(34, 37.67695618356235)	(36, 37.65211243117937)	(38, 37.61567143009654)	(40, 37.55934420229072)	(42, 37.47429150970733)	(44, 37.37436715521054)	(46, 37.22416538303162)	(48, 37.09815949610334)	(50, 37.01568668120606)	(52, 36.95478686574448)	(54, 36.928492427824125)	(56, 36.917282252283854)	(58, 36.887351644832165)	(60, 36.79418017660785)	(62, 36.74695359087373)	(64, 36.68015769647242)	(66, 36.63874544373103)	(68, 36.58896826244109)	(70, 36.550397901447326)	(72, 36.50304991688145)	(74, 36.47609876618524)	(76, 36.44816117372539)	(78, 36.41177111134835)	(80, 36.38295108969177)	(82, 36.342672604431975)	(84, 36.301322881239614)	(86, 36.25224847107627)	(88, 36.206811450533024)	(90, 36.16288306974332)	(92, 36.107156430630326)	(94, 36.02661318610929)	(96, 35.950984459119404)	(98, 35.872986624776956)	(100, 34.89492412573015)
SRR5413808_cleaned	(1, 33.82239364621372)	(2, 33.821963592994635)	(3, 33.816383527461525)	(4, 33.91162218824579)	(5, 33.87038958571123)	(6, 38.084489205539185)	(7, 37.975215682940764)	(8, 37.94573015910719)	(9, 37.95189529704301)	(10, 37.881510649442866)	(12, 37.8399861357843)	(14, 37.8179493462316)	(16, 37.800268408215516)	(18, 37.830869382586094)	(20, 37.831799185149166)	(22, 37.81922044102958)	(24, 37.807944670652994)	(26, 37.785069027292124)	(28, 37.821292572455846)	(30, 37.81451798410053)	(32, 37.81198392051016)	(34, 37.801869231317376)	(36, 37.80243732991383)	(38, 37.794653579774575)	(40, 37.77945265942829)	(42, 37.750133084175864)	(44, 37.725386015176525)	(46, 37.67414868867007)	(48, 37.626783511211755)	(50, 37.59510333709184)	(52, 37.55910607977358)	(54, 37.550054448568055)	(56, 37.55925041309878)	(58, 37.55638912807785)	(60, 37.50339361820231)	(62, 37.495668560753295)	(64, 37.457189029457886)	(66, 37.426639744903824)	(68, 37.37316066747299)	(70, 37.33204424545779)	(72, 37.28128081454479)	(74, 37.2534175458118)	(76, 37.22550707863921)	(78, 37.18643442614511)	(80, 37.15684799139298)	(82, 37.11867605558305)	(84, 37.07547793067363)	(86, 37.022887898963646)	(88, 36.97546089477193)	(90, 36.93216116858127)	(92, 36.87825990581214)	(94, 36.8004558418039)	(96, 36.72308340949611)	(98, 36.64835732526441)	(100, 35.701193106038936)
SRR5413809	(1, 33.755004291656725)	(2, 33.75855986618569)	(3, 33.75312786420383)	(4, 33.84924221696573)	(5, 33.80678618623397)	(6, 37.980535865249095)	(7, 37.86745281279774)	(8, 37.84019772021503)	(9, 37.83960717272641)	(10, 37.76747079441897)	(12, 37.703535781809194)	(14, 37.686173815007926)	(16, 37.67810343054405)	(18, 37.71041698603449)	(20, 37.70082172128099)	(22, 37.68598300284019)	(24, 37.66768670323792)	(26, 37.64043161065521)	(28, 37.67252848114161)	(30, 37.65617232085163)	(32, 37.63397569117665)	(34, 37.605616798715154)	(36, 37.574086219933335)	(38, 37.53534843918881)	(40, 37.48107369683375)	(42, 37.39376678095992)	(44, 37.29118421912223)	(46, 37.139432272353)	(48, 37.00750409275929)	(50, 36.91773634674258)	(52, 36.85726020893609)	(54, 36.82530596245981)	(56, 36.816017290816504)	(58, 36.78881168003322)	(60, 36.682496314737875)	(62, 36.63653483809749)	(64, 36.5622523080187)	(66, 36.51212886224849)	(68, 36.45407312827817)	(70, 36.41097480438519)	(72, 36.37002521954719)	(74, 36.33370428512383)	(76, 36.313452969328395)	(78, 36.27045522608654)	(80, 36.24657524499959)	(82, 36.21426492361368)	(84, 36.17188424751767)	(86, 36.12364208035714)	(88, 36.08572414511298)	(90, 36.03328766777726)	(92, 35.979300437315615)	(94, 35.896629933707324)	(96, 35.817712285004816)	(98, 35.73957373208549)	(100, 34.73633768708486)
SRR5413809_cleaned	(1, 33.790051123096646)	(2, 33.78841974655305)	(3, 33.78354882756416)	(4, 33.87680056554387)	(5, 33.835338401211196)	(6, 38.029627389618476)	(7, 37.92261770945449)	(8, 37.894977150780974)	(9, 37.89721266717465)	(10, 37.833470939281625)	(12, 37.77097960182475)	(14, 37.75241672519064)	(16, 37.74406122569431)	(18, 37.76963736356288)	(20, 37.764252494646634)	(22, 37.752642531578076)	(24, 37.739191633027815)	(26, 37.714619189630284)	(28, 37.753399198503374)	(30, 37.748683790815086)	(32, 37.74619196261893)	(34, 37.73984318890346)	(36, 37.73757119864396)	(38, 37.730473384356955)	(40, 37.71954050887011)	(42, 37.69479663830326)	(44, 37.67652953156282)	(46, 37.63044546527058)	(48, 37.58524904023996)	(50, 37.54683343844438)	(52, 37.510474962680604)	(54, 37.49979010948128)	(56, 37.5122217292724)	(58, 37.5143355555865)	(60, 37.4475250492563)	(62, 37.43974749474279)	(64, 37.3969122551526)	(66, 37.358735059807195)	(68, 37.298384738273484)	(70, 37.25289652231637)	(72, 37.20988554500908)	(74, 37.17240798472607)	(76, 37.15214509436452)	(78, 37.10793578477501)	(80, 37.08311134012278)	(82, 37.051220249759766)	(84, 37.00720093585308)	(86, 36.957175039408355)	(88, 36.91833700393056)	(90, 36.86451882018318)	(92, 36.809612388912214)	(94, 36.72512233666174)	(96, 36.644173565201015)	(98, 36.56385645478004)	(100, 35.536223190879674)
