Sample	0	1	2	3	4	5	6	7	8	9	10	11	12	13	14	15	16	17	18	19	20	21	22	23	24	25	26	27	28	29	30	31	32	33	34	35	36	37	38	39	40	41	42	43	44	45	46	47	48	49
SRR5413733 - nextera_transposase_sequence	(1, 0.0)	(2, 0.0)	(3, 0.0)	(4, 0.0)	(5, 0.0013051763293220914)	(6, 0.0013051763293220914)	(7, 0.0013051763293220914)	(8, 0.0013051763293220914)	(9, 0.0013051763293220914)	(10, 0.0039155289879662745)	(12, 0.005220705317288366)	(14, 0.005220705317288366)	(16, 0.005220705317288366)	(18, 0.009788822469915685)	(20, 0.015662115951865098)	(22, 0.028061291080424967)	(24, 0.0385027017150017)	(26, 0.08092093241796966)	(28, 0.16640998198856666)	(30, 0.37067007752747394)	(32, 0.8614163773525803)	(34, 1.7130439322352449)	(36, 2.8622516902033466)	(38, 3.9729567464564464)	(40, 4.966848521235219)	(42, 5.950951473544076)	(44, 7.194131927223368)	(46, 8.514970372497324)	(48, 9.620454723433134)	(50, 10.564097209533008)	(52, 11.471194758411862)	(54, 12.41222689185309)	(56, 13.455062778981441)	(58, 14.403273382233941)	(60, 15.335169281369913)	(62, 16.173092484794697)	(64, 16.994048395938293)	(66, 17.905061473805112)	(68, 18.811506434519302)	(70, 19.710772925422226)	(72, 20.550653893340993)	(74, 21.336370043592886)	(76, 22.14753713226657)	(78, 22.917591166566602)	(80, 23.675246025738076)	(82, 24.414628416299045)	(84, 25.085489049570597)	(86, 25.76744368164139)	(88, 26.468323370487354)	(90, 26.968858492782374)
SRR5413733_cleaned - nextera_transposase_sequence	(1, 0.0)	(2, 0.0)	(3, 0.0)	(4, 0.0)	(5, 0.0)	(6, 0.0)	(7, 0.0)	(8, 0.0)	(9, 0.0)	(10, 0.0)	(12, 0.0)	(14, 0.0)	(16, 0.0)	(18, 0.0014459434057750979)	(20, 0.0014459434057750979)	(22, 0.0028918868115501957)	(24, 0.0028918868115501957)	(26, 0.0028918868115501957)	(28, 0.003614858514437745)	(30, 0.004337830217325294)	(32, 0.012290518949088333)	(34, 0.021689151086626467)	(36, 0.031087783224164604)	(38, 0.036871556847264994)	(40, 0.04627018898480313)	(42, 0.05928367963677901)	(44, 0.07735797220896774)	(46, 0.09470929307826892)	(48, 0.1091687271360199)	(50, 0.11856735927355803)	(52, 0.13519570843997164)	(54, 0.1503781142006102)	(56, 0.16483754825836117)	(58, 0.17929698231611216)	(60, 0.18941858615653784)	(62, 0.19954018999696352)	(64, 0.2125536806489394)	(66, 0.22773608640957793)	(68, 0.23351986003267833)	(70, 0.2421955204673289)	(72, 0.2494252374962044)	(74, 0.2552090111193048)	(76, 0.26026981303951763)	(78, 0.2638846715539554)	(80, 0.2653306149597305)	(82, 0.2674995300683931)	(84, 0.26822250177128065)	(86, 0.2689454734741682)	(88, 0.2689454734741682)	(90, 0.2689454734741682)
SRR5413734 - nextera_transposase_sequence	(1, 0.0010203248714390663)	(2, 0.0010203248714390663)	(3, 0.0010203248714390663)	(4, 0.0020406497428781326)	(5, 0.0020406497428781326)	(6, 0.0030609746143171984)	(7, 0.0030609746143171984)	(8, 0.0030609746143171984)	(9, 0.005101624357195331)	(10, 0.009693086278671128)	(12, 0.020406497428781326)	(14, 0.021936984735939923)	(16, 0.022447147171659455)	(18, 0.022447147171659455)	(20, 0.025508121785976653)	(22, 0.03418088319320872)	(24, 0.05203656844339237)	(26, 0.0892784262509183)	(28, 0.15661986776589665)	(30, 0.354052730389356)	(32, 0.7927924251081544)	(34, 1.5544649416374172)	(36, 2.593155660762387)	(38, 3.5374663292792423)	(40, 4.3986205207738145)	(42, 5.3164027426332545)	(44, 6.409680842380213)	(46, 7.6264182515713)	(48, 8.690106930046525)	(50, 9.555342421026854)	(52, 10.427720186107257)	(54, 11.411823524610236)	(56, 12.53111990857889)	(58, 13.616235409354339)	(60, 14.591665986450085)	(62, 15.500775446902294)	(64, 16.403762958125867)	(66, 17.43123010366501)	(68, 18.438800914211086)	(70, 19.42188392784262)	(72, 20.34884907354502)	(74, 21.25081625989715)	(76, 22.155844420863602)	(78, 23.090972165537508)	(80, 24.018957636111338)	(82, 24.946432944249448)	(84, 25.725961146028894)	(86, 26.580993388294832)	(88, 27.427352869153538)	(90, 28.072198187903027)
SRR5413734_cleaned - nextera_transposase_sequence	(1, 0.0)	(2, 0.0)	(3, 0.0)	(4, 0.0)	(5, 0.0)	(6, 0.0)	(7, 0.0)	(8, 0.0)	(9, 0.0)	(10, 0.0)	(12, 0.0)	(14, 0.0)	(16, 0.0)	(18, 0.0)	(20, 0.0)	(22, 0.0)	(24, 0.0)	(26, 0.0)	(28, 0.0)	(30, 0.0016633584315638896)	(32, 0.005544528105212965)	(34, 0.014970225884075008)	(36, 0.02273256523137316)	(38, 0.0321582630102352)	(40, 0.047128488894310205)	(42, 0.05932645072577873)	(44, 0.06875214850464076)	(46, 0.0809501103361093)	(48, 0.09425697778862041)	(50, 0.10922720367269542)	(52, 0.12087071269364263)	(54, 0.13362312733563247)	(56, 0.14249437230397322)	(58, 0.15469233413544173)	(60, 0.1641180319143038)	(62, 0.17853380498785748)	(64, 0.18463278590359175)	(66, 0.1929495780614112)	(68, 0.20237527584027323)	(70, 0.21346433205069915)	(72, 0.21900886015591214)	(74, 0.22233557701903991)	(76, 0.22898901074529548)	(78, 0.23508799166102973)	(80, 0.2400780669557214)	(82, 0.2406325197662427)	(84, 0.2406325197662427)	(86, 0.2406325197662427)	(88, 0.2406325197662427)	(90, 0.2406325197662427)
SRR5413735 - nextera_transposase_sequence	(1, 0.0)	(2, 0.0)	(3, 0.0)	(4, 0.0)	(5, 0.0)	(6, 0.0)	(7, 0.0)	(8, 0.0)	(9, 0.0)	(10, 0.0036191889397586)	(12, 0.0054287834096379)	(14, 0.0054287834096379)	(16, 0.0072383778795172)	(18, 0.0072383778795172)	(20, 0.0126671612891551)	(22, 0.0235247281084309)	(24, 0.036191889397586004)	(26, 0.05971661750601691)	(28, 0.11129005989757695)	(30, 0.2587720091927399)	(32, 0.540163949258971)	(34, 0.9726570275601237)	(36, 1.5263929353431895)	(38, 2.0602233039575832)	(40, 2.549718608059934)	(42, 3.0491666817466205)	(44, 3.6752863683248584)	(46, 4.363837064113932)	(48, 4.915763377427119)	(50, 5.374495575541522)	(52, 5.834132570890864)	(54, 6.35801016992092)	(56, 6.920794050053383)	(58, 7.453719621432837)	(60, 7.933262155950851)	(62, 8.423662257288141)	(64, 8.847107363239898)	(66, 9.30945875029406)	(68, 9.814335607390383)	(70, 10.295687736378277)	(72, 10.827708510522791)	(74, 11.29458388375165)	(76, 11.771412026564846)	(78, 12.204809902100939)	(80, 12.645446155516549)	(82, 13.078844031052641)	(84, 13.496860353594759)	(86, 13.895875934203145)	(88, 14.26865239499828)	(90, 14.55637791570909)
SRR5413735_cleaned - nextera_transposase_sequence	(1, 0.0)	(2, 0.0)	(3, 0.0)	(4, 0.0)	(5, 0.0)	(6, 0.0)	(7, 0.0)	(8, 0.0)	(9, 0.0)	(10, 0.003924261748258609)	(12, 0.005886392622387914)	(14, 0.005886392622387914)	(16, 0.007848523496517218)	(18, 0.007848523496517218)	(20, 0.013734916118905132)	(22, 0.025507701363680958)	(24, 0.03924261748258609)	(26, 0.06475031884626704)	(28, 0.12067104875895224)	(30, 0.28058471500049054)	(32, 0.5856960659275974)	(34, 1.0546453448445012)	(36, 1.653095261453939)	(38, 2.227999607573825)	(40, 2.758756009025802)	(42, 3.30030413028549)	(44, 3.9772392818601006)	(46, 4.7218679485921715)	(48, 5.320317865201609)	(50, 5.814774845482194)	(52, 6.308250760325714)	(54, 6.873344452074954)	(56, 7.480623957617974)	(58, 8.052585107426665)	(60, 8.566663396448543)	(62, 9.094476601589326)	(64, 9.54674776807613)	(66, 10.047091140979104)	(68, 10.59452565486118)	(70, 11.116452467379574)	(72, 11.69331894437359)	(74, 12.19954870989895)	(76, 12.716570195232022)	(78, 13.185519474148926)	(80, 13.662317276562348)	(82, 14.132247620916315)	(84, 14.585499852840183)	(86, 15.018149710585696)	(88, 15.422348670656334)	(90, 15.734327479642893)
SRR5413736 - nextera_transposase_sequence	(1, 0.0)	(2, 0.0)	(3, 0.0)	(4, 0.0)	(5, 0.0)	(6, 0.0)	(7, 0.0)	(8, 0.0)	(9, 0.0)	(10, 0.0)	(12, 0.0)	(14, 0.0)	(16, 0.0012720704218185518)	(18, 0.0025441408436371036)	(20, 0.0025441408436371036)	(22, 0.0038162112654556556)	(24, 0.011448633796366967)	(26, 0.025441408436371035)	(28, 0.09922149290184704)	(30, 0.2505978730982547)	(32, 0.5011957461965094)	(34, 0.7810512389965909)	(36, 1.155039943011245)	(38, 1.6638681117386658)	(40, 2.166335928356994)	(42, 2.5772146746043862)	(44, 3.0402483081463387)	(46, 3.5045540121101104)	(48, 3.9306976034193255)	(50, 4.358113265150358)	(52, 4.702844349463186)	(54, 5.0590240675723805)	(56, 5.438101053274309)	(58, 5.79809698264896)	(60, 6.184806390881799)	(62, 6.5219050526637155)	(64, 6.869180277820179)	(66, 7.227904136773011)	(68, 7.591716277413118)	(70, 7.965704981427772)	(72, 8.357502671347886)	(74, 8.727675164097086)	(76, 9.132193558235384)	(78, 9.521447107311861)	(80, 9.876354754999237)	(82, 10.278329008293898)	(84, 10.601434895435812)	(86, 10.920724571312267)	(88, 11.215844909174171)	(90, 11.474075204803338)
SRR5413736_cleaned - nextera_transposase_sequence	(1, 0.0)	(2, 0.0)	(3, 0.0)	(4, 0.0)	(5, 0.0)	(6, 0.0)	(7, 0.0)	(8, 0.0)	(9, 0.0)	(10, 0.0)	(12, 0.0)	(14, 0.0)	(16, 0.0013814826071339762)	(18, 0.0027629652142679524)	(20, 0.0027629652142679524)	(22, 0.004144447821401928)	(24, 0.012433343464205784)	(26, 0.027629652142679522)	(28, 0.10775564335645013)	(30, 0.2721520736053933)	(32, 0.5443041472107866)	(34, 0.8482303207802613)	(36, 1.2543862072776504)	(38, 1.805597767524107)	(40, 2.347138949520626)	(42, 2.7933578316249)	(44, 3.294836018014533)	(46, 3.7976956870113003)	(48, 4.260492360401182)	(50, 4.72190755118393)	(52, 5.09352637250297)	(54, 5.480341502500483)	(56, 5.892023319426409)	(58, 6.282982897245324)	(60, 6.7029536098140525)	(62, 7.069046500704556)	(64, 7.446191252452131)	(66, 7.835769347663913)	(68, 8.230873373304231)	(70, 8.637029259801619)	(72, 9.062525902798885)	(74, 9.464537341474871)	(76, 9.903848810543476)	(78, 10.326582488326473)	(80, 10.712016135716851)	(82, 11.148564639571187)	(84, 11.499461221783218)	(86, 11.846213356173845)	(88, 12.166717321028928)	(90, 12.447158290277125)
SRR5413737 - nextera_transposase_sequence	(1, 0.0)	(2, 0.0012713911562031175)	(3, 0.0012713911562031175)	(4, 0.0012713911562031175)	(5, 0.002542782312406235)	(6, 0.002542782312406235)	(7, 0.002542782312406235)	(8, 0.002542782312406235)	(9, 0.002542782312406235)	(10, 0.002542782312406235)	(12, 0.002542782312406235)	(14, 0.002542782312406235)	(16, 0.002542782312406235)	(18, 0.0031784778905077937)	(20, 0.009535433671523381)	(22, 0.020977954077351438)	(24, 0.027334909858367024)	(26, 0.059119688763444964)	(28, 0.17418058839982709)	(30, 0.41828769039082564)	(32, 0.8956950695450963)	(34, 1.5549113840364126)	(36, 2.363516159381595)	(38, 3.392707300328019)	(40, 4.393292140259872)	(42, 5.30551529483561)	(44, 6.270501182393775)	(46, 7.156025122689247)	(48, 7.962722811300125)	(50, 8.733821547537316)	(52, 9.419737076308898)	(54, 10.084674651003127)	(56, 10.825259999491443)	(58, 11.545503089480508)	(60, 12.205990795128029)	(62, 12.855671675947821)	(64, 13.530144684313576)	(66, 14.188089607648688)	(68, 14.867648180639256)	(70, 15.54275688458311)	(72, 16.18226663615328)	(74, 16.781727566303047)	(76, 17.34940371754774)	(78, 17.91199430416762)	(80, 18.45424263228825)	(82, 18.969791746128614)	(84, 19.466905688204033)	(86, 19.987540366669208)	(88, 20.461769267932972)	(90, 20.834286876700485)
SRR5413737_cleaned - nextera_transposase_sequence	(1, 0.0)	(2, 0.0)	(3, 0.0)	(4, 0.0)	(5, 0.0)	(6, 0.0)	(7, 0.0)	(8, 0.0)	(9, 0.0)	(10, 0.0)	(12, 0.0)	(14, 0.0)	(16, 0.0)	(18, 0.0)	(20, 0.0006927990467085118)	(22, 0.0013855980934170235)	(24, 0.002771196186834047)	(26, 0.004156794280251071)	(28, 0.005542392373668094)	(30, 0.006927990467085117)	(32, 0.013855980934170235)	(34, 0.02424796663479791)	(36, 0.03186875614859154)	(38, 0.044339138989344745)	(40, 0.05195992850313838)	(42, 0.06581590943730861)	(44, 0.08729267988527248)	(46, 0.10322705795956824)	(48, 0.11639023984702998)	(50, 0.12747502459436616)	(52, 0.13855980934170237)	(54, 0.14479500076207896)	(56, 0.16350057502320875)	(58, 0.175970957863962)	(60, 0.18289894833104708)	(62, 0.1884413407047152)	(64, 0.19259813498496625)	(66, 0.2009117235454684)	(68, 0.21061091019938755)	(70, 0.21476770447963864)	(72, 0.22515969018026633)	(74, 0.22654528827368334)	(76, 0.22862368541380887)	(78, 0.2320876806473514)	(80, 0.2348588768341855)	(82, 0.23555167588089398)	(84, 0.23555167588089398)	(86, 0.2362444749276025)	(88, 0.23832287206772804)	(90, 0.23832287206772804)
SRR5413805 - nextera_transposase_sequence	(1, 0.0)	(2, 0.0)	(3, 5.8106529023920715e-05)	(4, 5.8106529023920715e-05)	(5, 5.8106529023920715e-05)	(6, 5.8106529023920715e-05)	(7, 0.00011621305804784143)	(8, 0.00011621305804784143)	(9, 0.00011621305804784143)	(10, 0.00011621305804784143)	(12, 0.00017431958707176214)	(14, 0.00023242611609568286)	(16, 0.00023242611609568286)	(18, 0.00023242611609568286)	(20, 0.00040674570316744503)	(22, 0.00081349140633489)	(24, 0.0013945566965740972)	(26, 0.0025566872770525113)	(28, 0.007611955302133613)	(30, 0.024143262809439056)	(32, 0.054445817695413706)	(34, 0.09247654094156982)	(36, 0.15337218335863873)	(38, 0.2340240456438407)	(40, 0.3287376879528314)	(42, 0.4127016223923969)	(44, 0.5124705327264687)	(46, 0.6328963141285444)	(48, 0.7557044632206009)	(50, 0.875055273835734)	(52, 1.0222391118533252)	(54, 1.1504511681446061)	(56, 1.305159801670795)	(58, 1.4638777856996346)	(60, 1.647668737002296)	(62, 1.8581305851269367)	(64, 2.021409931684154)	(66, 2.227833376041632)	(68, 2.4613054096597455)	(70, 2.697653716464543)	(72, 2.9677619166322384)	(74, 3.243855089289398)	(76, 3.5026034630329166)	(78, 3.7799459260640904)	(80, 4.068038096964689)	(82, 4.391168504866712)	(84, 4.690039436901248)	(86, 5.048963466682007)	(88, 5.381652398608464)	(90, 5.647024916660711)
SRR5413805_cleaned - nextera_transposase_sequence	(1, 0.0)	(2, 0.0)	(3, 5.960445292946946e-05)	(4, 5.960445292946946e-05)	(5, 5.960445292946946e-05)	(6, 5.960445292946946e-05)	(7, 0.00011920890585893891)	(8, 0.00011920890585893891)	(9, 0.00011920890585893891)	(10, 0.00011920890585893891)	(12, 0.00017881335878840838)	(14, 0.00023841781171787783)	(16, 0.00023841781171787783)	(18, 0.00023841781171787783)	(20, 0.0004172311705062862)	(22, 0.0008344623410125724)	(24, 0.001430506870307267)	(26, 0.002622595928896656)	(28, 0.007808183333760499)	(30, 0.02464644128633562)	(32, 0.055610954583194996)	(34, 0.09450286011967382)	(36, 0.15675971120450466)	(38, 0.23919266960596092)	(40, 0.33596049893695457)	(42, 0.4218803178347848)	(44, 0.5239231412500365)	(46, 0.6471255454552498)	(48, 0.7729803478158246)	(50, 0.8952588830006312)	(52, 1.0459687422327948)	(54, 1.1772475498099513)	(56, 1.3357357901494105)	(58, 1.498247331061609)	(60, 1.686299380054085)	(62, 1.9017992796205818)	(64, 2.068810956728955)	(66, 2.279840522325742)	(68, 2.5185265540818023)	(70, 2.760461028522519)	(72, 3.037144899021116)	(74, 3.319938225944984)	(76, 3.584760810310617)	(78, 3.8684780062548914)	(80, 4.163371037123442)	(82, 4.494205553108461)	(84, 4.800512836713005)	(86, 5.167914684570254)	(88, 5.50828591302399)	(90, 5.780141822835301)
SRR5413806 - nextera_transposase_sequence	(1, 0.0)	(2, 0.0)	(3, 0.0)	(4, 0.0)	(5, 0.0)	(6, 0.0)	(7, 0.0)	(8, 0.0)	(9, 0.0)	(10, 0.0)	(12, 0.0)	(14, 0.0)	(16, 0.00016998486568079222)	(18, 0.00022664648757438963)	(20, 0.00033996973136158444)	(22, 0.0008215935174571624)	(24, 0.0015865254130207275)	(26, 0.0033996973136158444)	(28, 0.010085768697060338)	(30, 0.032438778534084514)	(32, 0.07266853007853867)	(34, 0.12255908815585119)	(36, 0.19808903014001655)	(38, 0.2949804035780681)	(40, 0.4042806722108175)	(42, 0.5104928824503658)	(44, 0.6312671295165687)	(46, 0.7787290004946559)	(48, 0.9268141493135729)	(50, 1.069063151077449)	(52, 1.2351666956585299)	(54, 1.3865948801691688)	(56, 1.5703485199701053)	(58, 1.7556886851840625)	(60, 1.96836808296168)	(62, 2.205298654909758)	(64, 2.398373131512191)	(66, 2.6334338699377797)	(68, 2.9026049047433142)	(70, 3.171577623872221)	(72, 3.474037361540244)	(74, 3.7885376938606568)	(76, 4.08382973635914)	(78, 4.394137108659425)	(80, 4.718184924268909)	(82, 5.076088058959817)	(84, 5.414159625987966)	(86, 5.820876747940208)	(88, 6.187845742134092)	(90, 6.475573458109779)
SRR5413806_cleaned - nextera_transposase_sequence	(1, 0.0)	(2, 0.0)	(3, 0.0)	(4, 0.0)	(5, 0.0)	(6, 0.0)	(7, 0.0)	(8, 0.0)	(9, 0.0)	(10, 0.0)	(12, 0.0)	(14, 0.0)	(16, 0.0001741160274383644)	(18, 0.0002321547032511525)	(20, 0.0003482320548767288)	(22, 0.0008415607992854279)	(24, 0.0015670442469452794)	(26, 0.0034242818729544994)	(28, 0.010272845618863498)	(30, 0.033111064551195626)	(32, 0.074231466364556)	(34, 0.12524746240399676)	(36, 0.20240988189709858)	(38, 0.3013077854820896)	(40, 0.4128871397321747)	(42, 0.5211873087988373)	(44, 0.6445194949010121)	(46, 0.7950428006214781)	(48, 0.9465237444928551)	(50, 1.092026704755515)	(52, 1.261847870183733)	(54, 1.4167530959280645)	(56, 1.6045372315203406)	(58, 1.7938593920216555)	(60, 2.0112722716163596)	(62, 2.2536708011484694)	(64, 2.4510603375877618)	(66, 2.6913404554527047)	(68, 2.966153585426256)	(70, 3.2412859281167785)	(72, 3.550370896157782)	(74, 3.8721082955259725)	(76, 4.173938429090377)	(78, 4.491177831083077)	(80, 4.822549650636191)	(82, 5.188367424284195)	(84, 5.533929700073536)	(86, 5.950008966975413)	(88, 6.3250258707397435)	(90, 6.619252937772673)
SRR5413807 - nextera_transposase_sequence	(1, 0.0)	(2, 0.0)	(3, 0.0)	(4, 0.0)	(5, 0.0)	(6, 0.0)	(7, 0.0)	(8, 0.0)	(9, 0.0)	(10, 0.0)	(12, 0.0)	(14, 0.0)	(16, 0.0)	(18, 0.0)	(20, 0.00017194440464249892)	(22, 0.0005731480154749964)	(24, 0.001404212637913741)	(26, 0.003066341882791231)	(28, 0.009199025648373693)	(30, 0.028342169365238572)	(32, 0.06903567846396332)	(34, 0.12185126808998424)	(36, 0.19988537039690502)	(38, 0.30929932655108183)	(40, 0.4356498065625448)	(42, 0.5597076945121078)	(44, 0.7012465969336581)	(46, 0.8643072073362945)	(48, 1.031981659263505)	(50, 1.1936093996274537)	(52, 1.3828628743372975)	(54, 1.5581315374695515)	(56, 1.768734775755839)	(58, 1.978363662415819)	(60, 2.2244447628600086)	(62, 2.4923341452930217)	(64, 2.703625161197879)	(66, 2.9645221378420974)	(68, 3.2538472560538763)	(70, 3.5502507522567703)	(72, 3.891875626880642)	(74, 4.232468835076658)	(76, 4.554807278979796)	(78, 4.906548216076802)	(80, 5.258862301189282)	(82, 5.651325404785786)	(84, 6.024158188852271)	(86, 6.474050723599369)	(88, 6.874537899412523)	(90, 7.190485742943115)
SRR5413807_cleaned - nextera_transposase_sequence	(1, 0.0)	(2, 0.0)	(3, 0.0)	(4, 0.0)	(5, 0.0)	(6, 0.0)	(7, 0.0)	(8, 0.0)	(9, 0.0)	(10, 0.0)	(12, 0.0)	(14, 0.0)	(16, 0.0)	(18, 0.0)	(20, 0.0001756140050998307)	(22, 0.0005853800169994356)	(24, 0.0014341810416486174)	(26, 0.003131783090946981)	(28, 0.009395349272840943)	(30, 0.028917772839772125)	(32, 0.07036267804333217)	(34, 0.1241591016055803)	(36, 0.2037415149166536)	(38, 0.3151393321516462)	(40, 0.44380585988812216)	(42, 0.5703357505625501)	(44, 0.7146319247529112)	(46, 0.8809676565833007)	(48, 1.0521035045530858)	(50, 1.216858710337577)	(52, 1.409858501942291)	(54, 1.5885164831305185)	(56, 1.8033802183701615)	(58, 2.0171024625766556)	(60, 2.2679085308600637)	(62, 2.5410761157928503)	(64, 2.7566130380520426)	(66, 3.0228731387842362)	(68, 3.317904667351952)	(70, 3.61999002512451)	(72, 3.9682911352391743)	(74, 4.31574344432919)	(76, 4.644375785872673)	(78, 5.003008853287377)	(80, 5.362490721726731)	(82, 5.763066267359445)	(84, 6.143212050398878)	(86, 6.601593872710286)	(88, 7.009808627564842)	(90, 7.332060326923032)
SRR5413808 - nextera_transposase_sequence	(1, 0.0)	(2, 0.0)	(3, 0.0)	(4, 0.0)	(5, 0.0)	(6, 0.0)	(7, 0.0)	(8, 0.0)	(9, 0.0)	(10, 0.0)	(12, 0.0)	(14, 9.15066571093047e-05)	(16, 0.0002440177522914792)	(18, 0.0002440177522914792)	(20, 0.0003355244094007839)	(22, 0.0005490399426558283)	(24, 0.0010065732282023517)	(26, 0.0025316841800240965)	(28, 0.009516692339367689)	(30, 0.0285805792371395)	(32, 0.06637282862328234)	(34, 0.1146578413579588)	(36, 0.19432963748112675)	(38, 0.3013619240799768)	(40, 0.42550595555826687)	(42, 0.5434580365721606)	(44, 0.6784303558083851)	(46, 0.8386585124067776)	(48, 1.0065427259833153)	(50, 1.17393890405527)	(52, 1.3660723817657736)	(54, 1.5436563009958975)	(56, 1.7593984962406015)	(58, 1.9777333801034025)	(60, 2.2238862877274324)	(62, 2.4893776022205616)	(64, 2.7141789565190866)	(66, 2.9805548353642726)	(68, 3.2870106300233344)	(70, 3.599170339642209)	(72, 3.946224587838765)	(74, 4.304015617136146)	(76, 4.640363586450914)	(78, 5.000716802147356)	(80, 5.380042398084461)	(82, 5.796458692369869)	(84, 6.183104820875719)	(86, 6.634019124891336)	(88, 7.053363632204243)	(90, 7.381048971312663)
SRR5413809 - nextera_transposase_sequence	(1, 0.0)	(2, 0.0)	(3, 0.0)	(4, 0.0)	(5, 0.0)	(6, 0.0)	(7, 0.0)	(8, 0.0)	(9, 0.0)	(10, 0.0)	(12, 0.0)	(14, 0.0)	(16, 0.00012936418151605764)	(18, 0.00022638731765310088)	(20, 0.0002910694084111297)	(22, 0.0005174567260642306)	(24, 0.001487688087434663)	(26, 0.0030077172202483404)	(28, 0.010349134521284612)	(30, 0.029236305022629028)	(32, 0.0646497497126498)	(34, 0.1119646991021479)	(36, 0.1828886116183265)	(38, 0.2749635678123805)	(40, 0.37910173393280694)	(42, 0.4788415178816874)	(44, 0.5964335588797838)	(46, 0.7366966726885693)	(48, 0.8789002492200957)	(50, 1.0112398069110227)	(52, 1.1704224322665315)	(54, 1.314889881974589)	(56, 1.4884966135691382)	(58, 1.6700269012815463)	(60, 1.8652697922346562)	(62, 2.0862238142640828)	(64, 2.2717320505581093)	(66, 2.4924273442245037)	(68, 2.748245013172508)	(70, 2.9946190968698394)	(72, 3.282357377606931)	(74, 3.5831290996317646)	(76, 3.868829894509978)	(78, 4.172382946437407)	(80, 4.479719900674182)	(82, 4.819947698061413)	(84, 5.150990638561005)	(86, 5.547006739227037)	(88, 5.9095498579257875)	(90, 6.193892328898082)
SRR5413809_cleaned - nextera_transposase_sequence	(1, 0.0)	(2, 0.0)	(3, 0.0)	(4, 0.0)	(5, 0.0)	(6, 0.0)	(7, 0.0)	(8, 0.0)	(9, 0.0)	(10, 0.0)	(12, 0.0)	(14, 0.0)	(16, 0.00013263223931630734)	(18, 0.00023210641880353785)	(20, 0.0002984225384616915)	(22, 0.0005305289572652293)	(24, 0.0014589546324793807)	(26, 0.0030173834444459915)	(28, 0.010511104965817357)	(30, 0.029775937726510996)	(32, 0.0659845390598629)	(34, 0.11429583223082784)	(36, 0.18674619295736072)	(38, 0.28084876675228077)	(40, 0.3871535065643011)	(42, 0.4892140147181996)	(44, 0.6096109299575776)	(46, 0.7531853290174803)	(48, 0.898550263308153)	(50, 1.03406725382959)	(52, 1.1970059598296736)	(54, 1.3448577486075273)	(56, 1.5223528428725754)	(58, 1.7079053456760895)	(60, 1.9075831819667903)	(62, 2.133754308060923)	(64, 2.323418410283243)	(66, 2.549158481599598)	(68, 2.8108750478305016)	(70, 3.06307525089046)	(72, 3.3573861899333455)	(74, 3.665159301266837)	(76, 3.957480756719978)	(78, 4.268304409557745)	(80, 4.5830407134553415)	(82, 4.931299815840136)	(84, 5.270075713113814)	(86, 5.6753998364644485)	(88, 6.046471684011648)	(90, 6.337433659011797)
